10000
9.851159
9.834773
9.782581
9.812407
9.761948
9.796145
9.769913
9.749728
9.72804
9.620701
9.579971
9.5579815
9.542404
9.457875
9.483263
9.416367
9.435968
9.3379345
9.245487
9.212648
9.223411
9.252932
9.129727
9.022013
9.12021
9.08644
9.110319
9.01615
8.935706
8.921919
8.812957
8.815249
8.709953
8.710605
8.612633
8.611835
8.503718
8.385315
8.297808
8.352646
8.3708935
8.20047
8.099701
8.055521
8.045297
7.8912625
7.7724886
7.8147707
7.6156836
7.5389776
7.2750635
7.494087
7.3266025
7.152887
7.072462
7.0072813
6.9899306
6.8531427
6.9441614
6.9551272
7.0372334
7.003436
6.93908
6.7843537
6.945059
6.848228
6.8268347
6.851313
6.888858
6.9573703
6.9361267
7.00756
6.957735
6.9482036
6.997331
6.9781575
7.1082134
6.991322
7.060893
6.798136
7.050467
6.896991
6.9789786
6.852157
7.0043583
6.8453636
6.9029717
7.0265293
6.957548
6.9584904
6.973006
7.2314444
7.405401
7.399773
7.490697
7.5625877
7.5878215
7.8347597
7.9490433
8.242763
8.159419
8.207591
8.182021
8.038661
8.088066
8.238552
8.300396
8.27479
8.2311535
8.502666
8.402327
8.329925
8.299677
8.227026
8.177335
8.122071
8.115605
8.192237
8.13529
8.112394
8.052784
7.974391
7.910967
8.049901
7.981897
7.975453
7.983381
7.9042053
7.8551936
7.7808146
7.748377
7.6529536
7.5956845
7.648792
7.562978
7.5862417
7.504245
7.6164618
7.5600824
7.563171
7.609334
7.59078
7.5502954
7.5667067
7.500433
7.580286
7.5284233
7.558033
7.609449
7.543263
7.503544
7.6096654
7.4937477
7.495069
7.4167905
7.412153
7.3936896
7.4152083
7.2809176
7.3273225
7.372456
7.336849
7.2995815
7.3935213
7.3211527
7.261207
7.261074
7.3407483
7.3543086
7.338017
7.3717666
7.3989234
7.508573
7.5382814
7.3181887
7.388697
7.30321
7.273678
7.3167653
7.265744
7.1667485
7.1271806
7.1142535
7.124137
7.033363
7.1050997
7.10265
7.087166
7.121431
7.012435
7.1858115
7.050636
7.0187154
6.917592
6.8718424
6.794262
6.77837
6.6738687
6.529513
6.885119
6.598236
6.6966705
6.555723
6.5695467
6.5589213
6.3650255
6.3668714
6.412648
6.387534
6.251511
6.3362145
6.255637
6.5286636
6.431981
6.596737
6.223613
6.4619656
6.6041627
6.627717
6.69487
6.5035024
6.658514
6.532674
6.8279047
6.6969957
6.725003
6.4850616
6.794487
6.592385
6.77274
6.7345
6.692295
6.658504
6.6734242
6.7085714
6.6976867
6.6277785
6.5603433
6.6720386
6.7050953
6.5682893
6.6425185
6.454475
6.742366
6.634699
6.8504424
6.477524
6.8606777
6.791006
6.7334275
6.740194
6.3664193
6.659002
6.549246
6.5555296
6.50516
6.6030636
6.5631013
6.7550793
6.7437487
6.555627
6.506264
6.686382
6.6143713
6.716869
6.636626
6.595015
6.760167
6.790237
6.6321106
6.701193
6.681811
6.6338644
6.569318
6.6790743
6.4680805
6.6167006
6.8186235
6.6834297
6.58414
6.732239
6.7244606
6.66477
6.646619
6.5365114
6.6344614
6.5119987
6.701178
6.6927404
6.6081853
6.5613465
6.5682397
6.4549694
6.4396505
6.6369495
6.281987
6.4291363
6.507188
6.3178167
6.428005
6.258496
6.343706
6.4512014
6.1581087
6.3111653
6.1801233
6.5182376
6.4248323
6.426131
6.380326
6.405965
6.5189795
6.4739895
6.378691
6.5364785
6.599053
6.608964
6.2312565
6.6776676
6.4755154
6.562106
6.454312
6.562219
6.368636
6.6164794
6.5516505
6.5360456
6.4560156
6.506267
6.4416995
6.546832
6.3598533
6.5755253
6.286804
6.5209002
6.3058
6.5191298
6.5284896
6.3564715
6.4044585
6.428114
6.5021677
6.4454756
6.37326
6.2881556
6.287945
6.3591413
6.37987
6.3678946
6.3125186
6.438954
6.3514957
6.355633
6.2002563
6.4671636
6.4583936
6.4940743
6.5378532
6.611022
6.5196624
6.524541
6.5961466
6.5966535
6.6742144
6.921774
6.847904
6.8743234
6.814504
6.8872294
6.860383
6.8459024
6.887945
6.9110174
6.941844
7.1262317
6.9443316
7.1158953
6.9473057
7.0131764
6.8575563
6.9052744
6.932622
6.9549565
6.8364267
6.797921
6.913924
6.9661055
6.850086
6.891148
6.802236
6.8075514
6.80009
6.704019
6.6800737
6.588514
6.632052
6.763163
6.7644434
6.702667
6.67518
6.7787743
6.5863175
6.6942024
6.6625643
6.663635
6.49496
6.598924
6.647769
6.529654
6.5589657
6.655821
6.5733333
6.667828
6.706132
6.700574
6.770888
6.736651
6.6336217
6.6829615
6.6513367
6.828001
6.5871387
6.790974
6.6086493
6.6562214
6.65831
6.7672625
6.6020784
6.645559
6.72991
6.789253
6.63955
6.797218
6.895102
6.8193545
6.715541
6.6345477
6.7005568
7.0111437
6.888397
6.815455
6.872039
6.965863
6.8291636
6.88857
6.9413176
7.01118
6.93636
7.134071
7.024032
6.900439
6.8111477
6.889287
6.907713
6.717263
6.796815
6.9288955
6.8869457
6.882309
6.901624
6.853042
6.985053
6.774989
7.0149384
6.816586
6.8422875
6.896799
6.7188826
6.937821
6.779315
6.658256
6.9054165
6.9250226
6.746266
6.824771
6.851511
6.842289
7.0558887
6.764365
6.8619056
6.817692
6.9362726
6.7160435
6.9345407
6.8192306
6.9558334
6.8980317
6.9711895
6.967707
6.9037466
7.059672
7.0230293
6.9480333
7.092215
7.0309796
7.1723967
7.2883987
7.006947
7.408149
7.302292
7.269198
7.228311
7.3246794
7.184538
7.279183
7.178812
7.396071
7.378175
7.454364
7.4154634
7.433792
7.3434134
7.162591
7.2066536
7.1148615
7.3481307
7.3887186
7.4046125
7.238918
7.146118
7.2054195
7.38326
7.123315
7.153004
7.141056
7.103932
6.9273286
6.989343
6.98721
6.98308
7.000306
7.052451
6.9956884
7.1565394
6.9201264
6.933612
6.925622
6.933297
7.0479164
6.9682727
6.9055843
6.927392
6.9002504
6.9323483
6.984832
6.9324703
6.9935174
7.012243
6.9159384
6.877132
6.783894
6.9275055
7.0218806
6.960063
6.856815
6.849151
6.873964
6.8059163
7.0232177
6.9767575
7.1620812
6.9855485
7.059438
7.172674
7.117091
7.084348
6.984063
7.0516496
7.081867
7.133212
7.2461843
7.2531257
7.444703
7.247697
7.3858786
7.3881135
7.3480525
7.3549714
7.306963
7.2952294
7.408435
7.4072022
7.3240843
7.1349244
7.140274
7.3487487
7.326951
7.3860703
7.301425
7.352844
7.1397505
7.2568045
7.180392
7.384015
7.3276095
7.3202353
7.269859
6.95083
6.8234677
7.0647798
7.074812
7.015714
6.97515
6.9995856
6.791631
6.702011
6.8624425
6.8348646
6.796757
6.8541
6.777716
6.7045035
6.879077
6.8804216
6.8754425
6.820216
6.922154
6.8674226
7.0032415
6.750006
6.886933
6.959028
6.842777
6.8999004
6.931533
7.0523767
6.8751807
6.8661814
6.8102326
6.969324
6.9590745
7.0938783
6.851854
7.0523033
6.9288344
6.885349
7.163786
7.054283
7.0223355
7.0357857
7.285046
7.214956
7.3472366
7.0678344
7.32127
7.07741
7.2450204
7.396975
7.3416357
7.504262
7.41084
7.317998
7.41091
7.5765004
7.2993293
7.4687586
7.4612465
7.430977
7.284835
7.4453955
7.5177484
7.3309536
7.321739
7.3713083
7.2399044
7.243187
7.3046846
7.400342
7.382729
7.3304186
7.229529
7.231659
7.0825562
7.16655
7.144626
7.0382156
6.8539457
6.8653116
6.9836264
6.9157453
6.8923593
6.877242
6.88827
6.897444
6.9143095
6.869504
6.8018436
6.6990166
6.8974314
6.6874022
6.8160243
6.835752
6.9671493
6.847909
6.83183
6.9609013
6.790312
6.858702
7.007148
6.8394175
6.9313517
6.9600945
7.007673
6.854338
6.910543
6.9456773
7.0211325
6.9804997
6.8580627
6.98686
6.892373
7.085463
7.085625
7.0001183
7.2122602
6.9292526
7.180133
6.996155
7.2298956
7.1912327
7.174411
7.0499887
7.067072
7.081232
7.1018333
7.4058013
7.3401265
7.3389378
7.33507
7.352518
7.369905
7.4313874
7.168215
7.2163057
7.284221
7.242715
7.2976866
7.2234955
7.252868
7.133168
7.375599
7.044993
7.176867
7.1144724
7.132425
7.196098
7.242445
7.12544
7.0252967
7.057895
7.2093315
6.9709425
7.0189295
7.047645
6.957131
7.067881
7.0342517
6.897883
6.890043
6.8543
6.8382244
6.7347007
6.9067435
6.786429
6.984895
6.733715
6.917368
6.860494
6.877785
6.8686047
7.1750717
7.2007155
7.160559
7.059591
6.8478723
6.562819
6.4609666
6.6084766
6.6050367
6.191403
6.0069256
5.680378
5.3307476
5.4386973
4.799178
4.7096925
4.294424
3.9282777
3.607348
3.1826384
3.959291
3.642824
3.0100725
3.6711771
4.004442
3.845685
3.1400518
3.0296345
3.064885
3.7767932
3.3032153
3.772505
3.0858278
3.5612574
3.688588
4.1132827
4.3962336
4.304985
4.041396
4.1002893
4.026009
4.1829967
4.0208855
4.1828947
4.149411
4.678592
5.844834
6.1034718
5.7665024
5.4554024
5.467599
5.5030823
5.8713007
6.0155535
6.345355
6.6090426
6.794437
6.7971816
6.6117716
6.866567
6.8408146
6.752162
6.7297153
6.8182716
6.8540235
6.7669077
7.038483
7.1685357
6.89274
7.0667825
7.3380303
6.907364
7.265305
7.006886
7.1817203
7.189891
7.030683
7.1999016
7.143783
7.055578
7.1210766
6.935462
7.133377
6.949722
7.106208
6.919799
7.131528
7.0825796
6.880165
7.378134
7.2789207
7.315776
7.3181367
7.2144785
7.452924
7.314575
7.315823
7.546755
7.242326
7.457724
7.639435
7.5900207
7.609523
7.5738378
7.518426
7.6212726
7.5449667
7.439998
7.557111
7.5061126
7.5911846
7.4937716
7.540898
7.4999137
7.5694294
7.632434
7.4194274
7.6671057
7.3141203
7.436475
7.3698955
7.5100765
7.291525
7.260395
7.4757586
7.1954327
7.2257943
7.245057
7.42299
7.3624487
7.164861
7.23005
7.3016257
7.3268714
7.4067583
7.34081
7.3785496
7.3344917
7.4533324
7.199649
7.682144
7.3910174
7.546194
7.4590616
7.579248
7.3667846
7.5505447
7.5556593
7.5697803
7.4551105
7.4776325
7.5531626
7.4689784
7.4670963
7.5667057
7.4928637
7.648326
7.5767145
7.649076
7.667344
7.641321
7.826394
7.6548624
7.8770685
7.8421283
7.693833
7.7692194
7.6306434
7.6856365
7.6312866
7.6951294
7.4233594
7.5335765
7.5954895
7.56271
7.516734
7.4168835
7.5046225
7.448438
7.516224
7.4686003
7.324123
7.4991107
7.452868
7.283475
7.360119
7.3873076
7.326783
7.0769997
7.4627156
7.3342156
7.5077295
7.265677
7.3760858
7.2151985
7.382905
7.3244824
7.242277
7.449803
7.2297773
7.275243
7.3353963
7.371039
7.3124876
7.5781136
7.6343307
7.4001727
7.59665
7.525355
7.7452636
7.530365
7.5323925
7.5123477
7.6201367
7.67558
7.871647
7.685969
7.7606435
7.680406
7.7616396
7.906225
7.736319
7.945574
7.712775
7.5956035
7.498994
7.5619836
7.4249134
7.680927
7.6548357
7.6502643
7.7208395
7.585316
7.636461
7.6370525
7.4333744
7.4769483
7.2612424
7.400297
7.3718615
7.405572
7.278211
7.4297323
7.3999677
7.356186
7.4153485
7.405464
7.6478596
7.3030415
7.378811
7.408904
7.488886
7.595551
7.540552
7.536846
7.589511
7.6718135
7.75792
7.732932
7.8024406
7.798849
7.673915
7.7489986
7.749113
7.9287024
7.8271337
7.890724
7.7970314
7.794634
7.7926483
7.703154
7.747031
7.663497
7.642252
7.675263
7.6694117
7.7772493
7.656041
7.5357533
7.6269207
7.589714
7.618552
7.536933
7.4150233
7.4507694
7.58225
7.419428
7.500444
7.4445124
7.282879
7.5397587
7.517892
7.464388
7.424453
7.246936
7.368842
7.509115
7.4454207
7.3663116
7.3597794
7.7014146
7.60717
7.7928896
7.6678905
7.7372293
7.7505264
7.8682065
7.7873545
7.866754
7.7822676
7.9652104
7.901201
7.9041243
7.7097826
7.6756725
7.8079586
7.690611
7.5169396
7.7025065
7.6853924
7.5313754
7.584336
7.5617347
7.4161696
7.422881
7.431796
7.3122087
7.4617696
7.5763774
7.320738
7.4153185
7.480749
7.3391037
7.330232
7.305148
7.5049424
7.336965
7.207967
7.289519
7.29162
7.593905
7.406746
7.5746746
7.6756873
7.8179646
7.56491
7.5015635
7.8509545
7.9984713
7.966862
7.993152
7.9827986
7.8882055
7.882358
7.8232336
7.8372025
8.064373
7.9112735
7.970973
7.722123
7.7345347
7.8095546
7.7920275
7.563053
7.4444747
7.4587893
7.452843
7.508876
7.4103885
7.319501
7.2567415
7.3067403
7.3632946
7.236946
7.3641477
7.226742
7.3436475
7.1827855
7.4278
7.4199266
7.434326
7.263713
7.541768
7.497907
7.607826
7.643003
7.5270977
7.724486
7.688446
7.642996
7.5418687
7.7158012
7.5801854
7.5844707
7.5774612
7.588178
7.6489573
7.6506186
7.56897
7.6995873
7.551512
7.4274073
7.201127
7.233029
7.100081
7.060794
6.89178
7.0928087
7.1103487
7.094472
7.0250015
6.799849
7.008629
7.1044674
6.9957232
7.074672
7.102085
7.399588
7.364311
7.4496555
7.415458
7.3870087
7.4952664
7.5539775
7.326952
7.567059
7.2497616
7.599926
7.462559
7.73079
7.5448036
7.7135143
7.765922
7.569591
7.601614
7.7065616
7.686163
7.5823026
7.6237364
7.3210983
7.3785815
7.5969567
7.2210245
7.062085
7.4201183
7.1640253
7.1730328
7.249409
7.025339
6.774582
6.985371
6.8355837
6.7643366
6.9906607
6.9950924
7.025197
7.0119133
7.05053
7.030556
7.091451
7.0668283
7.188656
7.384673
7.133421
7.2119193
7.4348154
7.304091
7.4203343
7.480006
7.677336
7.8833914
7.5450006
7.462094
7.3546753
7.299137
7.1332397
7.3262353
7.211752
7.0584826
7.0349293
7.029545
7.114482
6.9623027
7.1011634
7.260833
7.2080183
6.788381
7.1497374
7.0981207
7.0389132
6.851241
6.8079414
6.8904366
6.873115
6.8251038
7.057954
7.182438
7.126233
7.050992
6.938679
6.9785786
7.147008
7.0520353
7.0036936
7.3620505
7.421093
7.568825
7.4447107
7.6558886
7.274383
7.5260983
7.2093735
7.1435432
7.3488827
7.3778167
7.193676
7.3451495
7.5404606
7.1485863
7.2696576
7.05078
7.104179
6.9872856
7.1677437
6.8728094
6.712253
6.8225923
6.874043
6.877584
6.816675
6.7519875
6.8343024
6.8551445
6.7153025
6.6935887
6.7213283
6.787766
6.936631
6.946436
6.9027996
7.0524526
7.1889124
7.1215744
6.936546
7.2526293
7.208655
7.126647
7.042673
7.0348954
7.2109346
6.8362503
6.7312293
6.8839374
6.8765755
6.7584844
6.768464
6.9075627
6.6692333
6.6932597
6.623592
6.7171125
6.626802
6.5578246
6.5728073
6.466352
6.592947
6.6431184
6.42233
6.611369
6.7189965
6.6192765
6.809607
6.978828
6.679262
6.8996124
6.868333
6.859417
6.9742002
6.9985514
7.1066947
6.694497
6.825723
6.8758674
6.605411
6.6933985
6.5528755
6.702757
6.6420403
6.449128
6.7565227
6.621722
6.3611317
6.5051727
6.4975204
6.3206577
6.312465
6.230124
6.428332
6.3353953
6.05019
6.237767
6.127702
6.4140596
6.2850866
6.095041
6.521796
6.3653903
6.0684624
6.306567
6.101321
6.089642
6.145195
6.3338494
6.3207865
6.3302975
6.3096685
6.291067
6.4606037
6.311037
6.3581066
6.369628
6.4920664
6.0919356
6.3632727
6.323624
6.16331
6.2797933
6.192441
6.333581
6.285351
6.1549416
6.3774123
6.236753
6.197622
6.1928687
6.302262
6.179624
5.9863195
6.138902
6.1008816
5.828698
5.9145026
5.941417
6.0111184
5.920086
5.9318295
5.879399
5.7530737
5.7866435
5.735339
5.790597
6.117521
5.8253727
5.7662625
5.926032
6.0198855
5.8675804
6.1110497
6.2421217
6.2628107
6.2152843
6.2734613
6.1381073
6.1154647
6.176489
6.162797
6.063676
5.962716
6.2404294
6.1902504
6.297655
6.3475323
6.444213
6.3093457
6.1471734
6.3342986
6.241108
6.383369
6.4243445
6.44479
6.471349
6.3014
6.455295
6.470668
6.4215813
6.436246
6.3213987
6.494964
6.4342775
6.3412457
6.529824
6.445633
6.427325
6.48778
6.3491745
6.5085826
6.3482814
6.6521997
6.4210615
6.458065
6.4658637
6.4452972
6.5107946
6.392241
6.4160967
6.3836927
6.1715174
6.1582475
6.2202444
6.291474
6.59498
6.4008956
6.4085274
6.4889617
6.6173787
6.595133
6.536135
6.5064163
6.6965327
6.377723
6.5111203
6.3128514
6.487883
6.3904047
6.2825594
6.455349
6.283192
6.752714
6.5410004
6.607361
6.647755
6.692058
6.500973
6.5303717
6.5884304
6.8650775
6.3564553
6.7830696
6.8825655
6.866124
6.7338357
6.6266184
7.025479
6.719787
6.617666
6.7668304
6.7340136
6.5071177
6.386689
6.653521
6.4324603
6.4735622
6.3563766
6.4302106
6.5009017
6.42317
6.6051965
6.7105966
6.722342
6.5863476
6.621151
6.501509
6.578602
6.420377
6.589998
6.5685263
6.595846
6.8523808
6.8932796
6.698278
6.893423
6.6890764
6.8910556
6.7534275
7.007589
6.9170003
6.793657
6.9519997
6.962803
6.862859
6.786134
6.8097095
7.104283
6.7788267
6.834599
6.7885714
6.6855226
6.7635818
6.7341704
6.6377363
6.684113
6.4270926
6.646568
6.8032413
6.8971887
6.979888
6.821053
6.9657793
6.5711617
6.6830564
6.6572185
6.4971137
6.663112
6.8556147
6.903064
6.8067155
6.5306625
6.6793427
6.536375
6.29018
6.315189
6.3959866
6.602729
6.5675583
6.576975
6.6762094
6.588823
6.580203
6.531694
6.506956
6.0695825
6.2339625
6.0994806
5.821306
5.841336
5.8828816
5.9529266
6.1531405
6.0122843
5.9943533
6.26735
6.0036426
6.012567
6.1236105
5.850279
6.071541
5.9990005
6.0465803
5.986896
6.146023
6.066596
6.0840263
5.8040743
6.1279454
6.1543007
6.069026
6.0211377
6.158132
6.0478315
6.3192863
6.011747
6.2561383
6.1149244
6.0564356
6.093095
6.1988835
6.091432
6.0543823
6.0665464
6.1879025
6.2199426
6.0341573
6.060005
5.9716206
6.036868
5.9717417
5.9151053
5.959783
5.8654428
5.928404
5.8709855
5.766062
5.8236117
5.8098927
5.8047714
5.978879
5.698191
5.7771845
5.8615108
5.609318
5.827134
5.9521785
5.7900796
5.7675815
5.899206
5.625181
5.997202
5.880063
5.684005
5.9060426
5.846899
6.061113
5.9877553
5.9471436
5.8359356
5.586978
5.803731
5.890765
5.873451
5.8319955
5.8428483
5.835719
5.9828014
6.0754323
5.9158964
5.9939
6.0190983
6.15602
6.083348
5.749746
5.8155937
5.9272485
5.9925766
5.922237
6.057757
6.032302
6.0872235
6.1168137
6.0818276
5.921707
6.0175266
5.7512283
5.9780164
5.9279647
6.0723224
5.815366
5.986624
6.031693
6.0962534
5.974719
5.8907146
5.882739
6.0051494
5.892481
5.670547
6.1117167
6.1552916
5.9862404
6.0080276
6.1417227
6.1593924
5.9841647
5.899822
5.9654016
5.9269667
5.8552966
5.7268367
5.9274282
6.0459356
5.8546214
5.933883
5.882413
5.8711467
5.7008796
6.17521
5.846239
5.6773996
5.8314734
5.6556244
5.7726345
5.7959847
5.96401
5.812971
5.849587
5.766539
5.6385064
5.8662343
5.949276
5.880473
5.8810325
5.783904
5.814419
5.909244
5.9268055
6.011341
5.490423
5.9687266
5.7185216
5.606729
5.651485
5.733333
5.7538924
5.455784
5.7766724
5.709563
5.600061
5.391198
5.586595
5.282771
5.568657
5.5114174
5.4194794
5.5008225
5.363798
5.818926
5.2935405
5.4856043
5.393688
5.4737396
5.4559746
5.579674
5.530388
5.5351515
5.136182
5.6942806
5.39942
5.533597
5.5738444
5.438491
5.566394
5.400872
5.4744205
5.435136
5.570037
5.577051
5.4031935
5.609682
5.776845
5.4154077
5.3861094
5.691045
5.619697
5.248587
5.5878515
5.6083694
5.1725583
5.412533
5.474315
5.6724014
5.4355364
5.3467193
5.528303
5.6232443
5.6018014
5.424322
5.4803834
5.2843356
5.47595
5.4768887
5.473789
5.589719
5.7680974
5.422144
5.415264
5.6462297
5.7811184
5.7937155
5.6847987
5.6961865
5.5953054
5.63595
5.6198816
5.616522
5.785077
5.625766
5.561635
5.36456
5.622423
5.5182295
5.6218786
5.4812493
5.4161706
5.416388
5.550161
5.4927444
5.5003176
5.3642006
5.504692
5.5820904
5.4051676
5.35341
5.250291
5.215493
5.3579164
5.3986416
5.2897863
5.2442474
5.1751456
5.2738633
5.293346
5.302867
5.3785596
5.240238
5.3920107
5.378396
5.375166
5.3326597
5.2266483
5.2363653
5.2705255
5.4266567
5.293436
5.3228683
5.2495165
5.233822
5.2587786
5.2916894
5.208558
5.370332
5.2803435
5.301503
5.0560975
5.0336833
5.1089315
5.3656816
5.2845073
5.200272
5.125538
