10000
9.851159
9.834773
9.782581
9.812407
9.761948
9.796145
9.769913
9.749728
9.72804
9.620701
9.579971
9.5579815
9.542404
9.457875
9.483263
9.416367
9.435968
9.3379345
9.245487
9.212648
9.223411
9.252932
9.129727
9.022013
9.12021
9.08644
9.110319
9.01615
8.935706
8.921919
8.812957
8.815249
8.709953
8.710605
8.612633
8.611835
8.503718
8.385315
8.297808
8.352646
8.3708935
8.20047
8.099701
8.055521
8.045297
7.8912625
7.7724886
7.8147707
7.6156836
7.5389776
7.2750635
7.494087
7.3266025
7.152887
7.072462
7.0072813
6.9899306
6.8531427
6.9441614
6.9551272
7.0372334
7.003436
6.93908
6.7843537
6.945059
6.848228
6.8268347
6.851313
6.888858
6.9573703
6.9361267
7.00756
6.957735
6.9482036
6.997331
6.9781575
7.1082134
6.991322
7.060893
6.798136
7.050467
6.896991
6.9789786
6.852157
7.0043583
6.8453636
6.9029717
7.0265293
6.957548
6.9584904
6.973006
7.2314444
7.405401
7.399773
7.490697
7.5625877
7.5878215
7.8347597
7.9490433
8.242763
8.159419
8.207591
8.182021
8.038661
8.088066
8.238552
8.300396
8.27479
8.2311535
8.502666
8.402327
8.329925
8.299677
8.227026
8.177335
8.122071
8.115605
8.192237
8.13529
8.112394
8.052784
7.974391
7.910967
8.049901
7.981897
7.975453
7.983381
7.9042053
7.8551936
7.7808146
7.748377
7.6529536
7.5956845
7.648792
7.562978
7.5862417
7.504245
7.6164618
7.5600824
7.563171
7.609334
7.59078
7.5502954
7.5667067
7.500433
7.580286
7.5284233
7.558033
7.609449
7.543263
7.503544
7.6096654
7.4937477
7.495069
7.4167905
7.412153
7.3936896
7.4152083
7.2809176
7.3273225
7.372456
7.336849
7.2995815
7.3935213
7.3211527
7.261207
7.261074
7.3407483
7.3543086
7.338017
7.3717666
7.3989234
7.508573
7.5382814
7.3181887
7.388697
7.30321
7.273678
7.3167653
7.265744
7.1667485
7.1271806
7.1142535
7.124137
7.033363
7.1050997
7.10265
7.087166
7.121431
7.012435
7.1858115
7.050636
7.0187154
6.917592
6.8718424
6.794262
6.77837
6.6738687
6.529513
6.885119
6.598236
6.6966705
6.555723
6.5695467
6.5589213
6.3650255
6.3668714
6.412648
6.387534
6.251511
6.3362145
6.255637
6.5286636
6.431981
6.596737
6.223613
6.4619656
6.6041627
6.627717
6.69487
6.5035024
6.658514
6.532674
6.8279047
6.6969957
6.725003
6.4850616
6.794487
6.592385
6.77274
6.7345
6.692295
6.658504
6.6734242
6.7085714
6.6976867
6.6277785
6.5603433
6.6720386
6.7050953
6.5682893
6.6425185
6.454475
6.742366
6.634699
6.8504424
6.477524
6.8606777
6.791006
6.7334275
6.740194
6.3664193
6.659002
6.549246
6.5555296
6.50516
6.6030636
6.5631013
6.7550793
6.7437487
6.555627
6.506264
6.686382
6.6143713
6.716869
6.636626
6.595015
6.760167
6.790237
6.6321106
6.701193
6.681811
6.6338644
6.569318
6.6790743
6.4680805
6.6167006
6.8186235
6.6834297
6.58414
6.732239
6.7244606
6.66477
6.646619
6.5365114
6.6344614
6.5119987
6.701178
6.6927404
6.6081853
6.5613465
6.5682397
6.4549694
6.4396505
6.6369495
6.281987
6.4291363
6.507188
6.3178167
6.428005
6.258496
6.343706
6.4512014
6.1581087
6.3111653
6.1801233
6.5182376
6.4248323
6.426131
6.380326
6.405965
6.5189795
6.4739895
6.378691
6.5364785
6.599053
6.608964
6.2312565
6.6776676
6.4755154
6.562106
6.454312
6.562219
6.368636
6.6164794
6.5516505
6.5360456
6.4560156
6.506267
6.4416995
6.546832
6.3598533
6.5755253
6.286804
6.5209002
6.3058
6.5191298
6.5284896
6.3564715
6.4044585
6.428114
6.5021677
6.4454756
6.37326
6.2881556
6.287945
6.3591413
6.37987
6.3678946
6.3125186
6.438954
6.3514957
6.355633
6.2002563
6.4671636
6.4583936
6.4940743
6.5378532
6.611022
6.5196624
6.524541
6.5961466
6.5966535
6.6742144
6.921774
6.847904
6.8743234
6.814504
6.8872294
6.860383
6.8459024
6.887945
6.9110174
6.941844
7.1262317
6.9443316
7.1158953
6.9473057
7.0131764
6.8575563
6.9052744
6.932622
6.9549565
6.8364267
6.797921
6.913924
6.9661055
6.850086
6.891148
6.802236
6.8075514
6.80009
6.704019
6.6800737
6.588514
6.632052
6.763163
6.7644434
6.702667
6.67518
6.7787743
6.5863175
6.6942024
6.6625643
6.663635
6.49496
6.598924
6.647769
6.529654
6.5589657
6.655821
6.5733333
6.667828
6.706132
6.700574
6.770888
6.736651
6.6336217
6.6829615
6.6513367
6.828001
6.5871387
6.790974
6.6086493
6.6562214
6.65831
6.7672625
6.6020784
6.645559
6.72991
6.789253
6.63955
6.797218
6.895102
6.8193545
6.715541
6.6345477
6.7005568
7.0111437
6.888397
6.815455
6.872039
6.965863
6.8291636
6.88857
6.9413176
7.01118
6.93636
7.134071
7.024032
6.900439
6.8111477
6.889287
6.907713
6.717263
6.796815
6.9288955
6.8869457
6.882309
6.901624
6.853042
6.985053
6.774989
7.0149384
6.816586
6.8422875
6.896799
6.7188826
6.937821
6.779315
6.658256
6.9054165
6.9250226
6.746266
6.824771
6.851511
6.842289
7.0558887
6.764365
6.8619056
6.817692
6.9362726
6.7160435
6.9345407
6.8192306
6.9558334
6.8980317
6.9711895
6.967707
6.9037466
7.059672
7.0230293
6.9480333
7.092215
7.0309796
7.1723967
7.2883987
7.006947
7.408149
7.302292
7.269198
7.228311
7.3246794
7.184538
7.279183
7.178812
7.396071
7.378175
7.454364
7.4154634
7.433792
7.3434134
7.162591
7.2066536
7.1148615
7.3481307
7.3887186
7.4046125
7.238918
7.146118
7.2054195
7.38326
7.123315
7.153004
7.141056
7.103932
6.9273286
6.989343
6.98721
6.98308
7.000306
7.052451
6.9956884
7.1565394
6.9201264
6.933612
6.925622
6.933297
7.0479164
6.9682727
6.9055843
6.927392
6.9002504
6.9323483
6.984832
6.9324703
6.9935174
7.012243
6.9159384
6.877132
6.783894
6.9275055
7.0218806
6.960063
6.856815
6.849151
6.873964
6.8059163
7.0232177
6.9767575
7.1620812
6.9855485
7.059438
7.172674
7.117091
7.084348
6.984063
7.0516496
7.081867
7.133212
7.2461843
7.2531257
7.444703
7.247697
7.3858786
7.3881135
7.3480525
7.3549714
7.306963
7.2952294
7.408435
7.4072022
7.3240843
7.1349244
7.140274
7.3487487
7.326951
7.3860703
7.301425
7.352844
7.1397505
7.2568045
7.180392
7.384015
7.3276095
7.3202353
7.269859
6.95083
6.8234677
7.0647798
7.074812
7.015714
6.97515
6.9995856
6.791631
6.702011
6.8624425
6.8348646
6.796757
6.8541
6.777716
6.7045035
6.879077
6.8804216
6.8754425
6.820216
6.922154
6.8674226
7.0032415
6.750006
6.886933
6.959028
6.842777
6.8999004
6.931533
7.0523767
6.8751807
6.8661814
6.8102326
6.969324
6.9590745
7.0938783
6.851854
7.0523033
6.9288344
6.885349
7.163786
7.054283
7.0223355
7.0357857
7.285046
7.214956
7.3472366
7.0678344
7.32127
7.07741
7.2450204
7.396975
7.3416357
7.504262
7.41084
7.317998
7.41091
7.5765004
7.2993293
7.4687586
7.4612465
7.430977
7.284835
7.4453955
7.5177484
7.3309536
7.321739
7.3713083
7.2399044
7.243187
7.3046846
7.400342
7.382729
7.3304186
7.229529
7.231659
7.0825562
7.16655
7.144626
7.0382156
6.8539457
6.8653116
6.9836264
6.9157453
6.8923593
6.877242
6.88827
6.897444
6.9143095
6.869504
6.8018436
6.6990166
6.8974314
6.6874022
6.8160243
6.835752
6.9671493
6.847909
6.83183
6.9609013
6.790312
6.858702
7.007148
6.8394175
6.9313517
6.9600945
7.007673
6.854338
6.910543
6.9456773
7.0211325
6.9804997
6.8580627
6.98686
6.892373
7.085463
7.085625
7.0001183
7.2122602
6.9292526
7.180133
6.996155
7.2298956
7.1912327
7.174411
7.0499887
7.067072
7.081232
7.1018333
7.4058013
7.3401265
7.3389378
7.33507
7.352518
7.369905
7.4313874
7.168215
7.2163057
7.284221
7.242715
7.2976866
7.2234955
7.252868
7.133168
7.375599
7.044993
7.176867
7.1144724
7.132425
7.196098
7.242445
7.12544
7.0252967
7.057895
7.2093315
6.9709425
7.0189295
7.047645
6.957131
7.067881
7.0342517
6.897883
6.890043
6.8543
6.8382244
6.7347007
6.9067435
6.786429
6.984895
6.733715
6.917368
6.860494
6.877785
6.8686047
7.1750717
7.2007155
7.160559
7.059591
6.8478723
6.562819
6.4609666
6.6084766
6.6050367
6.191403
6.0069256
5.680378
5.3307476
5.4386973
4.799178
4.7096925
4.294424
3.9282777
3.607348
3.1826384
3.4563406
2.727234
2.762645
2.3367736
3.220385
2.8302314
3.6344092
3.1074548
3.2802205
3.327341
3.67845
3.8378966
3.020551
3.942991
2.967708
2.6565425
3.219611
3.896434
3.1122231
4.062389
3.353585
3.7582219
3.2269425
3.5163655
3.958819
4.0495815
2.8628135
3.1852329
3.2887275
3.5841227
2.979878
4.8524504
5.638034
3.097264
3.753701
3.802094
2.513194
2.9297361
6.4249606
6.377797
6.594936
6.7148623
6.769127
6.674402
6.83643
6.8405013
6.8993316
7.1685357
6.78572
7.1816406
7.1667666
7.238915
6.8973618
7.1540966
7.0399323
7.189891
7.1514487
7.1999016
7.143783
7.055578
7.143005
7.174348
6.928544
7.1145687
6.990164
7.0974436
6.8830476
7.105355
7.21959
7.1100683
7.309212
7.280042
7.391992
7.2144785
7.3193564
7.39586
7.315823
7.1533003
7.603961
7.463827
7.4022613
7.564169
7.7837152
7.5566263
7.7466063
7.5801606
7.639703
7.4810815
7.6960053
7.5061126
7.5874114
7.5019417
7.540898
7.4999137
7.5694294
7.632434
7.525416
7.408378
7.537579
7.450794
7.405864
7.358087
7.481224
7.260395
7.3209634
7.3583655
7.085066
7.291966
7.4021373
7.3910465
7.349203
7.4031587
7.2843237
7.4005246
7.3668895
7.4589005
7.3785496
7.4499416
7.29737
7.446391
7.494557
7.5425406
7.365284
7.633792
7.406405
7.5148582
7.5505447
7.5556593
7.482346
7.4551105
7.4776325
7.5531626
7.4689784
7.4670963
7.564289
7.4055057
7.648326
7.5767145
7.5507183
7.7176394
7.7822256
7.741071
7.6219616
7.8424373
7.7948327
7.7143316
7.728253
7.7033052
7.62041
7.724629
7.6605654
7.4282026
7.380433
7.556631
7.622485
7.516734
7.4168835
7.5046225
7.5013094
7.5964003
7.4686003
7.324123
7.4991107
7.351413
7.278404
7.3423038
7.497582
7.319656
7.0769997
7.4627156
7.3342156
7.3788357
7.3462973
7.3760858
7.3469067
7.4384313
7.358825
7.242277
7.320528
7.2581496
7.281374
7.4757333
7.323732
7.2687097
7.4328837
7.543507
7.3383765
7.5191245
7.467521
7.6079135
7.572516
7.4279156
7.4701033
7.6928697
7.66136
7.8679733
7.7525387
7.783969
7.729052
7.780902
7.8302035
7.7209315
7.84707
7.7535477
7.67428
7.6047816
7.5119314
7.383486
7.6122556
7.6660447
7.5817356
7.689061
7.513122
7.6253233
7.53343
7.4284263
7.5756006
7.2471204
7.3723416
7.3273964
7.31215
7.2883577
7.4297323
7.3999677
7.415923
7.393681
7.4514446
7.6478596
7.3030415
7.3538103
7.4298778
7.548164
7.5671425
7.6041017
7.4538074
7.731431
7.6718135
7.75792
7.732932
7.835386
7.7375917
7.730403
7.644745
7.581599
7.9076986
7.7584524
7.8311954
7.8448315
7.8559775
7.7382364
7.652398
7.628059
7.734885
7.551622
7.595151
7.504569
7.65021
7.656041
7.652113
7.678835
7.589714
7.618552
7.536933
7.4404597
7.3475075
7.4697633
7.343143
7.500444
7.4445124
7.262101
7.552766
7.517892
7.464388
7.4768696
7.3172145
7.297744
7.509115
7.4454207
7.3917885
7.5795527
7.77085
7.60717
7.837698
7.6678905
7.7372293
7.7505264
7.8682065
7.7873545
7.866754
7.8531294
7.957263
7.867299
7.914914
7.7464466
7.678453
7.7731256
7.753545
7.4751472
7.664212
7.558748
7.6232276
7.6270585
7.4197664
7.523154
7.4390855
7.431796
7.440399
7.380721
7.5763774
7.320738
7.4153185
7.5340676
7.2745414
7.185992
7.305148
7.324876
7.3663373
7.4802914
7.289519
7.405538
7.388706
7.506099
7.5746746
7.672857
7.5810175
7.6640205
7.61238
7.7798247
7.9385486
7.8921647
8.010039
7.9827986
7.994086
7.781586
7.865982
7.992882
7.9539633
7.8415284
7.9473248
7.710168
7.6222105
7.6574254
7.739958
7.74542
7.4444747
7.4587893
7.452843
7.508876
7.489362
7.319501
7.2567415
7.3292456
7.349397
7.2497272
7.3641477
7.333122
7.5511246
7.335108
7.2574534
7.474744
7.422204
7.27565
7.5068946
7.482048
7.550426
7.643015
7.5462837
7.576741
7.7732887
7.56245
7.614324
7.6881456
7.713353
7.5493927
7.7491007
7.622144
7.643084
7.5847597
7.4250717
7.6848097
7.4066725
7.3893275
7.4457517
7.099568
7.3369083
7.213044
7.0250773
7.302766
7.132084
7.238452
7.2999864
6.9727154
7.2614794
7.0743337
6.9957232
7.2562237
7.0753865
7.370569
7.2015476
7.3252134
7.3517585
7.3123775
7.600333
7.5357885
7.3204107
7.587943
7.2633
7.5735717
7.51346
7.6610813
7.6100106
7.716214
7.9417124
7.463908
7.5772533
7.5544357
7.6867433
7.5798836
7.504159
7.35128
7.3278894
7.584771
7.14638
7.0464783
7.3496804
7.0848494
6.9907722
6.9842772
7.055153
6.7117376
6.9465466
7.0569706
6.9890156
6.8770895
6.871056
6.959395
6.932466
6.975413
6.9720798
7.0985694
7.0477877
7.3940063
7.219176
7.4103117
7.150694
7.553801
7.30249
7.642415
7.5329084
7.500309
7.549408
7.8778515
7.0461044
7.2929554
7.3077354
7.154256
7.3271556
7.171066
6.991496
7.004381
6.9703584
7.0674286
6.9423075
7.0133595
7.222401
7.1435804
6.6952043
6.881103
7.041732
6.8914747
6.851241
6.7394924
7.0062094
6.894442
6.7770276
7.057954
7.182438
7.126233
7.050992
6.938679
6.9785786
7.147008
7.0520353
7.0036936
7.3620505
7.421093
7.568825
7.4447107
7.6558886
7.274383
7.5260983
7.2093735
7.1435432
7.3488827
7.3778167
7.193676
7.3451495
7.5404606
7.1485863
7.2696576
7.05078
7.104179
6.9872856
7.1677437
6.8728094
6.712253
6.8225923
6.874043
6.877584
6.816675
6.7519875
6.8343024
6.8551445
6.7153025
6.6935887
6.7213283
6.787766
6.936631
6.946436
6.9027996
7.0524526
7.1889124
7.1215744
6.936546
7.0773363
7.023227
7.126647
7.042673
7.0348954
7.0386057
6.8523912
6.808694
6.884064
6.819275
6.7301974
6.628435
6.965906
6.678229
6.651879
6.439602
6.642543
6.5102253
6.3342485
6.490469
6.3964643
6.5430346
6.583453
6.38647
6.5409575
6.577409
6.602737
6.758756
6.877449
6.679262
6.8996124
6.982173
6.897319
6.8116055
7.0322785
7.0164337
6.694497
6.7472215
6.9729776
6.785984
6.6933985
6.5528755
6.6548214
6.5885544
6.5304217
6.7665753
6.621722
6.3610144
6.439002
6.4975204
6.3638105
6.312465
6.230124
6.428332
6.2318826
6.121175
6.237767
6.127702
6.16652
6.2866635
6.0925345
6.279355
6.182592
6.0684624
6.422584
6.101321
6.089642
6.145195
6.2012324
6.3762217
6.269979
6.1221156
6.330594
6.3900003
6.311037
6.320402
6.4689293
6.4920664
6.2106204
6.3791323
6.3318973
6.2401795
6.199811
6.39092
6.195271
6.3371525
6.331474
6.153813
6.10552
6.3560567
6.3226643
6.176217
6.108265
6.036358
6.200965
6.013484
5.993025
6.1229444
5.941417
5.884054
5.920086
5.9318295
5.879399
5.7530737
5.7866435
5.810119
5.8741307
5.992916
5.8533964
5.8647027
5.8748274
5.9609804
5.8675804
6.1110497
6.2421217
6.2628107
6.2152843
6.2734613
6.1381073
6.1154647
6.1011615
6.326076
6.056476
5.962716
6.2404294
6.2842007
6.1823235
6.4391866
6.444213
6.191758
6.043593
6.2916856
6.296813
6.3399568
6.4243445
6.353872
6.436885
6.428293
6.38671
6.4590917
6.3142014
6.478324
6.360006
6.235891
6.4272475
6.224105
6.5911455
6.4012127
6.483423
6.3999267
6.3491745
6.4418325
6.385368
6.607175
6.4210615
6.458065
6.3976307
6.320097
6.4841833
6.345946
6.3008137
6.3591046
6.0347986
6.0620527
6.097524
6.2484884
6.421726
6.5155435
6.4085274
6.4889617
6.5633283
6.4415946
6.450487
6.5064163
6.6965327
6.377723
6.5111203
6.3128514
6.487883
6.3904047
6.2825594
6.455349
6.3101373
6.5809026
6.6653934
6.5417104
6.6904054
6.634053
6.335172
6.5312643
6.514514
6.5715632
6.439746
6.8649364
6.8825655
6.866124
6.7338357
6.7220016
6.7682996
6.527704
6.76818
6.569605
6.859231
6.393332
6.429655
6.523733
6.4449124
6.470238
6.3371496
6.380798
6.5009017
6.435314
6.564193
6.6766458
6.6367435
6.547211
6.8681483
6.5189476
6.6832304
6.476009
6.608678
6.485622
6.6032424
6.7171526
6.8223968
6.8083625
6.9608545
6.693907
6.88708
6.789795
6.93981
6.8345895
6.868173
6.726682
7.019351
6.8458285
6.786134
6.7735996
6.914342
6.968005
6.7527475
6.7885714
6.6855226
6.6157293
6.883251
6.6377363
6.542858
6.590526
6.646568
6.8032413
6.8971887
6.940851
6.958193
6.793243
6.642049
6.879658
6.684435
6.6559844
6.844801
6.8027277
6.946161
6.626693
6.9315863
6.901959
6.8492756
6.501344
6.5704713
6.4456477
6.7607665
6.5721407
6.7620544
6.790278
6.632664
6.5354447
6.5767603
6.413019
6.328594
6.390268
6.186139
6.02654
6.0702496
5.8719397
6.0151525
6.0800076
6.256613
5.9836535
6.039166
6.121373
6.048891
6.026746
5.8234463
6.071541
6.0747313
6.0682993
6.052642
6.238118
5.918248
6.125711
5.983031
5.967118
5.9851866
6.027171
6.0211377
6.158132
6.0478315
6.3192863
6.011747
6.2561383
6.1149244
6.2206535
6.0870886
6.1927567
6.1532483
5.966857
6.056368
6.246269
6.080387
6.0341573
5.9542274
6.021066
5.88999
5.9353633
6.064693
6.00913
5.930245
5.970761
5.8709855
5.87131
5.989155
5.842903
5.9258738
5.9712834
5.733657
5.8046255
5.7218313
5.751011
5.8360286
5.8849096
5.74933
5.8725266
5.8885584
5.6161427
5.884716
5.8314676
5.733592
5.8477945
5.846899
6.061113
5.9877553
5.8967814
5.7496257
5.6468368
5.747739
5.861851
5.7892084
5.7557697
5.927698
5.8621583
5.9828014
6.0754323
5.9158964
5.9939
5.874005
6.1254277
5.983993
5.7500925
5.8155937
6.0069137
5.9925766
5.922237
6.057757
6.032302
6.0872235
6.1168137
6.1600924
5.934754
6.074223
5.7512283
5.878828
5.8856945
6.122775
5.815366
5.9376135
5.992814
6.011932
5.974719
5.696869
6.124138
6.0412507
5.9638705
5.611121
6.1462994
6.1552916
5.9323673
6.0080276
6.1417227
6.1593924
5.823184
5.899822
5.9654016
5.9269667
5.8552966
5.8319807
5.8361206
5.952009
6.0905323
5.937272
5.8504558
5.9826427
5.7008796
6.17521
5.846239
5.6773996
5.7891684
5.67819
5.722322
5.9481416
5.8858414
5.822566
5.960569
5.691518
5.597722
5.828434
5.7250137
5.830137
5.777001
5.785936
5.8489027
6.0159416
6.0457077
5.8810043
5.723833
5.7909584
5.876038
5.753495
5.572523
5.920816
5.7612653
5.6040773
5.8004093
5.7070546
5.6639576
5.341542
5.6991653
5.285544
5.5611706
5.594941
5.380256
5.4415717
5.21367
5.7615604
5.3353195
5.436828
5.411015
5.572377
5.336111
5.479026
5.4515524
5.4577913
5.316295
5.6766214
5.1535425
5.475549
5.53282
5.367433
5.5188303
5.564088
5.3701234
5.5515423
5.6064224
5.6661577
5.3598337
5.698105
5.5341606
5.6247287
5.336075
5.828281
5.4550996
5.466114
5.521266
5.635398
5.1725583
5.412533
5.474315
5.6724014
5.3477607
5.5895977
5.6038995
5.3922663
5.647829
5.525887
5.4711237
5.550549
5.5838356
5.4768887
5.473789
5.589719
5.7680974
5.422144
5.415264
5.6462297
5.7811184
5.7937155
5.6847987
5.6961865
5.5953054
5.63595
5.6198816
5.616522
5.785077
5.625766
5.561635
5.3653255
5.734662
5.447973
5.6218786
5.4633174
5.4161706
5.62827
5.5926065
5.52794
5.5363827
5.418192
5.531982
5.6167307
5.443016
5.3886147
5.302713
5.44112
5.3977304
5.546092
5.265749
5.3284903
5.2205334
5.23885
5.2213936
5.327579
5.3091006
5.3106875
5.3893576
5.4641094
5.2630954
5.3299775
5.3617854
5.418056
5.352416
5.396858
5.2812076
5.293418
5.345468
5.3710756
5.223986
5.253752
5.277774
5.109139
5.1530604
5.0891876
5.1276736
5.251898
5.14211
5.2269707
5.182913
5.244804
5.230471
