10000
9.851159
9.834773
9.782581
9.812407
9.761948
9.796145
9.769913
9.749728
9.72804
9.620701
9.579971
9.5579815
9.542404
9.457875
9.483263
9.416367
9.435968
9.3379345
9.245487
9.212648
9.223411
9.252932
9.129727
9.022013
9.12021
9.08644
9.110319
9.01615
8.935706
8.921919
8.812957
8.815249
8.709953
8.710605
8.612633
8.611835
8.503718
8.385315
8.297808
8.352646
8.3708935
8.20047
8.099701
8.055521
8.045297
7.8912625
7.7724886
7.8147707
7.6156836
7.5389776
7.2750635
7.494087
7.3266025
7.152887
7.072462
7.0072813
6.9899306
6.8531427
6.9441614
6.9551272
7.0372334
7.003436
6.93908
6.7843537
6.945059
6.848228
6.8268347
6.851313
6.888858
6.9573703
6.9361267
7.00756
6.957735
6.9482036
6.997331
6.9781575
7.1082134
6.991322
7.060893
6.798136
7.050467
6.896991
6.9789786
6.852157
7.0043583
6.8453636
6.9029717
7.0265293
6.957548
6.9584904
6.973006
7.2314444
7.405401
7.399773
7.490697
7.5625877
7.5878215
7.8347597
7.9490433
8.242763
8.159419
8.207591
8.182021
8.038661
8.088066
8.238552
8.300396
8.27479
8.2311535
8.502666
8.402327
8.329925
8.299677
8.227026
8.177335
8.122071
8.115605
8.192237
8.13529
8.112394
8.052784
7.974391
7.910967
8.049901
7.981897
7.975453
7.983381
7.9042053
7.8551936
7.7808146
7.748377
7.6529536
7.5956845
7.648792
7.562978
7.5862417
7.504245
7.6164618
7.5600824
7.563171
7.609334
7.59078
7.5502954
7.5667067
7.500433
7.580286
7.5284233
7.558033
7.609449
7.543263
7.503544
7.6096654
7.4937477
7.495069
7.4167905
7.412153
7.3936896
7.4152083
7.2809176
7.3273225
7.372456
7.336849
7.2995815
7.3935213
7.3211527
7.261207
7.261074
7.3407483
7.3543086
7.338017
7.3717666
7.3989234
7.508573
7.5382814
7.3181887
7.388697
7.30321
7.273678
7.3167653
7.265744
7.1667485
7.1271806
7.1142535
7.124137
7.033363
7.1050997
7.10265
7.087166
7.121431
7.012435
7.1858115
7.050636
7.0187154
6.917592
6.8718424
6.794262
6.77837
6.6738687
6.529513
6.885119
6.598236
6.6966705
6.555723
6.5695467
6.5589213
6.3650255
6.3668714
6.412648
6.387534
6.251511
6.3362145
6.255637
6.5286636
6.431981
6.596737
6.223613
6.4619656
6.6041627
6.627717
6.69487
6.5035024
6.658514
6.532674
6.8279047
6.6969957
6.725003
6.4850616
6.794487
6.592385
6.77274
6.7345
6.692295
6.658504
6.6734242
6.7085714
6.6976867
6.6277785
6.5603433
6.6720386
6.7050953
6.5682893
6.6425185
6.454475
6.742366
6.634699
6.8504424
6.477524
6.8606777
6.791006
6.7334275
6.740194
6.3664193
6.659002
6.549246
6.5555296
6.50516
6.6030636
6.5631013
6.7550793
6.7437487
6.555627
6.506264
6.686382
6.6143713
6.716869
6.636626
6.595015
6.760167
6.790237
6.6321106
6.701193
6.681811
6.6338644
6.569318
6.6790743
6.4680805
6.6167006
6.8186235
6.6834297
6.58414
6.732239
6.7244606
6.66477
6.646619
6.5365114
6.6344614
6.5119987
6.701178
6.6927404
6.6081853
6.5613465
6.5682397
6.4549694
6.4396505
6.6369495
6.281987
6.4291363
6.507188
6.3178167
6.428005
6.258496
6.343706
6.4512014
6.1581087
6.3111653
6.1801233
6.5182376
6.4248323
6.426131
6.380326
6.405965
6.5189795
6.4739895
6.378691
6.5364785
6.599053
6.608964
6.2312565
6.6776676
6.4755154
6.562106
6.454312
6.562219
6.368636
6.6164794
6.5516505
6.5360456
6.4560156
6.506267
6.4416995
6.546832
6.3598533
6.5755253
6.286804
6.5209002
6.3058
6.5191298
6.5284896
6.3564715
6.4044585
6.428114
6.5021677
6.4454756
6.37326
6.2881556
6.287945
6.3591413
6.37987
6.3678946
6.3125186
6.438954
6.3514957
6.355633
6.2002563
6.4671636
6.4583936
6.4940743
6.5378532
6.611022
6.5196624
6.524541
6.5961466
6.5966535
6.6742144
6.921774
6.847904
6.8743234
6.814504
6.8872294
6.860383
6.8459024
6.887945
6.9110174
6.941844
7.1262317
6.9443316
7.1158953
6.9473057
7.0131764
6.8575563
6.9052744
6.932622
6.9549565
6.8364267
6.797921
6.913924
6.9661055
6.850086
6.891148
6.802236
6.8075514
6.80009
6.704019
6.6800737
6.588514
6.632052
6.763163
6.7644434
6.702667
6.67518
6.7787743
6.5863175
6.6942024
6.6625643
6.663635
6.49496
6.598924
6.647769
6.529654
6.5589657
6.655821
6.5733333
6.667828
6.706132
6.700574
6.770888
6.736651
6.6336217
6.6829615
6.6513367
6.828001
6.5871387
6.790974
6.6086493
6.6562214
6.65831
6.7672625
6.6020784
6.645559
6.72991
6.789253
6.63955
6.797218
6.895102
6.8193545
6.715541
6.6345477
6.7005568
7.0111437
6.888397
6.815455
6.872039
6.965863
6.8291636
6.88857
6.9413176
7.01118
6.93636
7.134071
7.024032
6.900439
6.8111477
6.889287
6.907713
6.717263
6.796815
6.9288955
6.8869457
6.882309
6.901624
6.853042
6.985053
6.774989
7.0149384
6.816586
6.8422875
6.896799
6.7188826
6.937821
6.779315
6.658256
6.9054165
6.9250226
6.746266
6.824771
6.851511
6.842289
7.0558887
6.764365
6.8619056
6.817692
6.9362726
6.7160435
6.9345407
6.8192306
6.9558334
6.8980317
6.9711895
6.967707
6.9037466
7.059672
7.0230293
6.9480333
7.092215
7.0309796
7.1723967
7.2883987
7.006947
7.408149
7.302292
7.269198
7.228311
7.3246794
7.184538
7.279183
7.178812
7.396071
7.378175
7.454364
7.4154634
7.433792
7.3434134
7.162591
7.2066536
7.1148615
7.3481307
7.3887186
7.4046125
7.238918
7.146118
7.2054195
7.38326
7.123315
7.153004
7.141056
7.103932
6.9273286
6.989343
6.98721
6.98308
7.000306
7.052451
6.9956884
7.1565394
6.9201264
6.933612
6.925622
6.933297
7.0479164
6.9682727
6.9055843
6.927392
6.9002504
6.9323483
6.984832
6.9324703
6.9935174
7.012243
6.9159384
6.877132
6.783894
6.9275055
7.0218806
6.960063
6.856815
6.849151
6.873964
6.8059163
7.0232177
6.9767575
7.1620812
6.9855485
7.059438
7.172674
7.117091
7.084348
6.984063
7.0516496
7.081867
7.133212
7.2461843
7.2531257
7.444703
7.247697
7.3858786
7.3881135
7.3480525
7.3549714
7.306963
7.2952294
7.408435
7.4072022
7.3240843
7.1349244
7.140274
7.3487487
7.326951
7.3860703
7.301425
7.352844
7.1397505
7.2568045
7.180392
7.384015
7.3276095
7.3202353
7.269859
6.95083
6.8234677
7.0647798
7.074812
7.015714
6.97515
6.9995856
6.791631
6.702011
6.8624425
6.8348646
6.796757
6.8541
6.777716
6.7045035
6.879077
6.8804216
6.8754425
6.820216
6.922154
6.8674226
7.0032415
6.750006
6.886933
6.959028
6.842777
6.8999004
6.931533
7.0523767
6.8751807
6.8661814
6.8102326
6.969324
6.9590745
7.0938783
6.851854
7.0523033
6.9288344
6.885349
7.163786
7.054283
7.0223355
7.0357857
7.285046
7.214956
7.3472366
7.0678344
7.32127
7.07741
7.2450204
7.396975
7.3416357
7.504262
7.41084
7.317998
7.41091
7.5765004
7.2993293
7.4687586
7.4612465
7.430977
7.284835
7.4453955
7.5177484
7.3309536
7.321739
7.3713083
7.2399044
7.243187
7.3046846
7.400342
7.382729
7.3304186
7.229529
7.231659
7.0825562
7.16655
7.144626
7.0382156
6.8539457
6.8653116
6.9836264
6.9157453
6.8923593
6.877242
6.88827
6.897444
6.9143095
6.869504
6.8018436
6.6990166
6.8974314
6.6874022
6.8160243
6.835752
6.9671493
6.847909
6.83183
6.9609013
6.790312
6.858702
7.007148
6.8394175
6.9313517
6.9600945
7.007673
6.854338
6.910543
6.9456773
7.0211325
6.9804997
6.8580627
6.98686
6.892373
7.085463
7.085625
7.0001183
7.2122602
6.9292526
7.180133
6.996155
7.2298956
7.1912327
7.174411
7.0499887
7.067072
7.081232
7.1018333
7.4058013
7.3401265
7.3389378
7.33507
7.352518
7.369905
7.4313874
7.168215
7.2163057
7.284221
7.242715
7.2976866
7.2234955
7.252868
7.133168
7.375599
7.044993
7.176867
7.1144724
7.132425
7.196098
7.242445
7.12544
7.0252967
7.057895
7.2093315
6.9709425
7.0189295
7.047645
6.957131
7.067881
7.0342517
6.897883
6.890043
6.8543
6.8382244
6.7347007
6.9067435
6.786429
6.984895
6.733715
6.917368
6.860494
6.877785
6.8686047
7.1750717
7.2007155
7.160559
7.059591
6.8478723
6.562819
6.4609666
6.6084766
6.6050367
6.191403
6.0069256
5.680378
5.3307476
5.4386973
4.799178
4.7096925
4.294424
3.9282777
3.607348
3.1826384
3.0970914
2.8753405
2.52873
2.3166616
1.992265
2.2022204
1.973387
2.121793
2.4276583
2.1580682
1.8586202
2.0917614
1.9251821
1.8953133
2.2531152
2.2767282
2.2906756
2.2916436
2.2293866
2.822669
2.4301512
2.308172
2.1822307
2.6840172
2.8965874
2.4368942
2.2987597
2.6478949
2.633077
2.2995036
2.3270245
2.82578
2.8277233
2.7658193
2.4333081
2.7820392
2.7801747
2.9307864
2.1211557
2.7188828
2.7703285
2.3678539
2.2210739
2.5589478
2.4176166
2.600503
2.6049764
2.7783656
2.3443491
2.6219873
2.344803
2.0923758
2.257988
2.5330799
2.2505546
2.3834105
2.2003458
2.273412
2.4187505
2.5672257
2.716619
2.1850338
2.3482735
2.2994504
2.1722856
2.3535228
2.2315588
2.4575133
2.5030198
2.4830244
2.4787185
2.1666777
2.84977
2.6524756
2.611933
2.1413927
2.4196
2.633255
2.1814315
2.475694
2.4128292
2.633757
2.2762532
2.423065
2.593429
2.383891
2.4928522
2.224912
2.2442176
2.2123337
2.6061356
2.3224163
2.7943757
2.5513177
2.5043106
2.5171907
2.4105003
2.327319
2.178458
2.2423198
2.0308168
1.9065351
2.482759
2.764076
2.668223
2.6044953
2.5496337
2.2405636
2.7321854
2.6806397
2.5220547
2.6753187
2.653135
2.9150276
2.8919404
2.8985097
2.3729572
2.7769938
2.6704655
2.6126494
2.0824156
2.1924512
2.510297
2.47416
2.2667572
2.3842804
2.1714447
2.1609848
2.2647002
2.1632957
2.1411638
2.3636963
2.1910064
2.1678984
2.382605
2.2598295
2.1810684
2.1738229
2.240214
1.9756079
2.1904144
2.2601874
2.2431555
2.2577417
2.382783
2.2332463
2.3542821
2.0668073
2.0068398
2.1016555
2.2615402
2.30046
2.3604443
2.558147
2.5095735
2.6885502
2.2741442
2.186102
2.1238754
2.2352374
2.1695974
2.3065925
2.6901002
2.639738
2.4589725
2.4587097
2.3489115
2.1074367
2.2063556
2.416307
2.3398066
2.7242036
2.7109127
2.707812
2.4950716
2.314175
2.375286
2.0472512
2.2246878
2.3372846
2.5633059
2.5552983
2.3422184
2.197728
2.0856116
1.9392408
1.9077762
1.8331974
2.1615908
2.4094567
2.3979993
2.2571027
2.1878524
2.3071036
2.2025948
2.0281854
2.0544837
1.8754202
2.1581135
2.5979414
2.6213524
2.6400955
2.6700125
2.6414897
2.3846602
2.3606045
2.2840781
2.3537602
2.1211438
2.5799072
2.7218237
2.661793
2.678481
2.605152
2.6377509
2.3217487
2.4491026
2.2624052
2.1846788
2.4821367
2.4115007
2.5502875
2.6885061
2.4595845
2.5769384
2.4950173
2.4394422
2.656163
2.2836735
1.9721624
2.0378895
2.344077
2.3118935
2.6619503
2.28832
2.66619
2.6072726
2.6230755
2.1772797
2.0551724
2.2825696
2.3503885
2.4116108
2.4980164
2.5713267
2.337586
2.3611379
2.445805
2.4636083
2.279367
2.182252
1.9411145
2.0498753
1.9216602
2.438615
2.5769155
2.296786
2.598271
2.3953757
2.675167
2.3684773
2.2038918
2.2456117
2.3853123
2.2268865
2.311253
2.5240672
2.404286
2.1439438
2.3238165
2.10921
1.9952582
2.0275598
1.9965434
2.0382326
2.3429506
2.6809123
2.5585282
2.4165483
2.502392
2.5129824
2.314114
2.1126525
2.0673048
1.9109864
2.0225604
2.2922804
2.4607503
2.5079494
2.448852
2.3925023
2.1165664
2.242366
2.1742265
1.8614017
2.464727
2.3336415
2.6075885
2.4272935
2.2791893
2.1396198
2.1066375
2.0754743
2.2252212
2.482581
2.5295305
2.5317714
2.3067856
2.0950165
2.006621
2.2921011
2.2699876
2.50958
2.3914177
2.190609
2.299165
1.919054
2.0601854
2.3358738
2.4530199
2.4574807
2.2661817
2.1382387
2.1458778
2.0755792
2.2714303
2.1853964
2.308918
2.1554244
2.0169618
2.0339205
1.835099
1.979704
2.2298045
2.5704677
2.647788
2.3799467
2.269908
2.41614
2.5190854
2.2822752
2.2623498
2.315542
2.4924252
2.536761
2.4357982
2.4706948
2.4197407
2.276769
2.5190332
2.4611788
2.2851624
2.3796618
2.1114888
2.6257033
2.3539798
2.446236
2.3337777
2.1927776
2.4708369
2.5110288
2.3526547
2.2491379
2.7373838
2.41177
2.2971482
2.4905844
2.417774
2.3411188
2.4759457
2.1655216
2.0867383
2.2158244
2.2754896
2.3065395
2.216354
2.2380743
2.5478787
2.257448
2.137322
2.4131696
2.66024
2.3037844
2.473217
2.2132878
2.3248692
2.578457
2.3944159
2.2166848
2.3828812
2.233629
2.571856
2.7171156
2.6200747
2.585453
2.8140607
2.354355
2.5683982
2.6222467
2.5104477
2.5250745
2.5409455
2.5309255
2.4160666
2.350646
2.4746144
2.557415
2.4199395
2.203796
2.4025865
2.3221104
2.3996186
2.2789083
2.3170595
2.3978693
2.416908
2.2903004
2.426947
2.64132
2.499374
2.2976046
2.3692532
2.2099857
2.698669
2.5667205
2.4121656
2.4203117
2.2931478
2.330204
2.582552
2.5148988
2.341942
2.2906945
2.5466113
2.2234159
2.4371467
2.6543756
2.4181633
2.5290713
2.4223964
2.3121085
2.419056
2.60818
2.6279075
2.4241486
2.732094
2.5560362
2.285736
2.404388
2.5570667
2.364529
2.4060626
2.435645
2.2834628
2.1414967
2.6559212
2.4149837
2.5052674
2.2908237
2.2188635
2.2071583
2.3798425
2.6760635
2.3813741
2.5121062
2.520153
2.2518065
2.4464598
2.7697973
2.3637474
2.509229
2.4026737
2.3583438
2.688682
2.5808194
2.6867154
2.7007606
2.65483
2.6310089
2.752245
2.3697271
2.6565912
3.0489156
2.8398414
2.806712
2.4845243
2.2115045
2.4260561
2.7567048
2.4384758
2.7106647
2.4068236
2.326488
2.5278995
2.775323
2.4702265
2.3586009
2.6698644
2.6197228
2.6451492
2.8722708
2.697919
2.289173
2.3646245
2.377478
2.5015714
2.5830705
2.6372843
2.5320694
2.5112543
2.430464
2.3848658
2.556644
2.7766433
2.5124288
2.2999063
2.529416
2.7414436
2.6293416
2.9191198
2.59368
2.362292
2.5815732
2.6709797
2.6638904
2.7419686
2.958403
2.3707376
2.6875923
2.8734534
2.8413756
2.754244
2.9383025
2.7750375
3.1333077
3.0592213
2.8129652
3.2148573
2.9663649
2.7109673
2.7319388
2.7879748
2.756385
3.0070114
3.1406877
2.5189214
2.5611672
2.273662
2.3021338
2.776249
3.006083
2.6359646
2.3265882
2.368089
2.3938277
2.8890996
3.0313265
2.711965
2.2608864
2.2799597
2.3254993
2.6122513
2.8257751
2.7466705
2.2308857
1.9923465
2.1300306
2.126771
2.2208498
2.3378313
2.6315305
2.4331913
2.6086335
2.6088371
2.3053453
2.3781655
2.4333062
2.569166
2.813478
2.5657954
2.538278
2.6649096
2.6116781
2.5745776
2.3693695
2.0667613
2.185674
2.4075613
2.3671818
2.6864648
2.4623303
2.3118694
2.461725
2.3364053
2.2681487
1.9971713
2.4006286
2.7539563
2.387757
2.3575563
2.0512815
2.1350746
2.5175219
2.4099188
2.5693512
2.275587
2.2928672
2.5727613
2.3975286
2.2557056
2.050363
2.4824438
2.7283342
2.5844936
2.5875192
2.4458976
2.5265493
2.7923932
2.615192
2.531504
2.2226224
2.2008102
2.097596
1.8867245
2.0916476
2.2265081
2.4111147
2.2601361
2.0969486
2.0058603
2.3428612
2.419363
2.0773578
2.1721182
1.8672234
1.9501623
2.1440809
2.1507044
2.1642928
2.3979063
1.9618433
1.970252
2.0466413
1.9890172
2.1168873
2.0870156
2.2059577
2.3480911
2.0515575
1.8929286
1.8325853
1.9613091
2.1158962
1.8798637
1.8302429
1.7279253
2.2530317
1.9204134
1.8516507
1.7632034
2.2351286
2.0936682
1.9535701
2.2047338
2.1248822
2.280986
1.8944831
1.8747697
1.971545
2.1935158
2.000146
1.861211
2.0303807
1.8954043
2.1835434
1.7789265
1.7550155
2.0074606
2.2858548
1.882864
1.8376465
2.0249999
2.2080698
2.2794225
2.2091117
2.1383185
2.116965
2.2871108
2.2834044
1.8723702
2.0814364
2.2739978
2.3942287
2.267553
1.8619673
2.1167142
2.1772585
2.2255309
1.933473
2.1618254
2.5649679
2.118755
2.149297
2.0532086
2.4499395
2.3972838
2.2913148
2.173818
2.200009
2.5682268
2.4779527
2.2980125
2.1612024
2.2708282
2.237593
2.20048
2.0726073
2.286067
2.3773022
2.366697
2.2688346
2.2375693
2.2805457
2.3358417
2.4516208
2.3172827
2.352397
2.3710308
2.5853996
2.4338338
2.443292
2.200133
2.4685075
2.363019
2.3422906
2.4596212
2.4494116
2.2355437
2.1436718
2.2302837
2.2507627
2.3299034
2.366723
2.2916024
2.1302195
2.1813698
2.0766761
2.4847443
2.8347723
2.9230554
2.6969533
2.5980895
2.136493
1.7433136
2.013164
2.142704
1.98376
1.9252952
1.6974869
1.7453281
1.8810656
1.896667
2.155728
2.1195376
2.0590963
1.8422124
1.9971313
1.9341149
1.7083203
1.6644256
1.9035566
1.8384799
1.9280213
2.1715984
2.215478
2.204664
2.1189625
2.045395
2.2327082
2.4539776
2.6082094
2.6565862
2.7773323
2.8672817
2.628015
2.3432386
2.219583
2.298467
2.2491357
2.3819456
2.53961
2.430038
2.5143201
2.680116
2.660118
2.852449
2.9173782
3.031304
2.7833357
2.9207258
2.8037813
2.5630698
2.6011255
2.850309
3.0074098
3.03927
3.0980234
2.9352713
2.5858035
2.6923807
2.8440309
2.8358693
2.561196
2.7233412
2.734803
2.8129663
2.8427496
3.2086115
3.3217273
3.1976228
2.8952692
2.853321
2.6644216
2.5099912
2.5137491
2.2793617
2.2290764
2.4035566
2.331833
2.4025083
2.7061872
2.530225
2.4111223
2.4716663
2.3092518
2.4029682
2.050715
2.1664658
2.2704854
2.2965586
2.4717503
2.6074712
2.84476
2.9362311
3.0007277
3.1155434
3.0924015
2.8695974
2.8648536
2.6806989
2.9220128
2.790007
2.8448288
3.0240574
3.1418185
3.1469436
3.2343285
2.9227579
2.9917808
2.7289078
2.650254
2.6981902
2.773425
2.7650218
2.8998365
2.8626664
2.7802513
2.850765
2.7345853
2.8597898
2.8226104
2.799002
2.674677
2.6408613
3.1129928
3.1323657
3.2504578
3.183414
3.0705104
3.168579
2.8146071
2.6845546
2.3857176
2.2802048
2.034243
2.3429236
2.4612293
2.4694722
2.6389854
2.6327813
2.7095678
2.6731956
2.6957579
2.659326
2.5570226
2.5807457
2.504241
2.472314
2.2237039
2.5069861
2.3735611
2.2853303
2.3108718
2.2796502
2.6208227
2.5976233
2.266627
2.223313
2.277856
2.3066955
2.141615
2.1764073
2.0881774
2.105758
2.150583
2.2812116
2.1638005
2.212884
2.2114263
2.017984
1.7625983
2.0080783
1.9454615
1.8059697
1.7510512
1.9359026
2.0721881
2.4181557
2.2592208
2.4258485
2.387125
2.4616458
2.6493
2.7880054
2.7574968
2.7197504
2.5110896
2.3631082
2.2396457
2.059833
2.2827244
1.6404074
1.7796553
1.8129622
2.0626535
1.9546051
1.9935547
2.0365148
2.2055738
1.8969941
1.8799388
2.149119
2.0793009
2.3313727
2.3434408
2.27698
2.5541518
2.3561893
2.377163
2.3216739
2.3375185
2.6877093
2.36368
2.3437057
2.4631674
2.4246187
2.5921137
2.803829
2.5840101
2.5606847
2.5711734
2.8798337
2.524155
1.9756608
2.0979729
2.0947258
1.9419334
2.0652554
1.8811836
1.9676588
1.7616698
1.4858584
1.4876813
1.4249289
1.428067
1.2698339
1.2596242
1.6839709
2.3385684
2.5589757
2.5288396
2.4722366
2.5290737
2.3862166
2.356187
2.352771
2.274318
2.4602432
2.7453592
2.5001032
2.318879
2.3939981
2.4423397
2.2117608
2.2834709
2.222653
1.8339067
2.03087
2.0971382
1.8246692
1.7767032
1.7782168
1.8967558
1.7281125
1.8705817
2.3345993
2.0823762
2.1398866
2.0543108
2.030161
1.922281
1.9855367
2.1040936
2.1374147
2.3839436
2.439539
2.356344
2.2604084
2.3630817
2.4245038
2.4195976
2.4887695
2.5501356
2.335468
2.0464535
1.6485935
1.6761539
1.3281242
1.5489514
1.156183
1.3412375
1.5725074
2.307173
2.247473
2.2203853
2.4100242
2.2894213
2.1428115
2.0684836
2.1266453
2.3270195
2.4833713
2.3291843
2.5402272
2.3820686
2.0053797
1.9916695
2.0307677
2.2742128
3.099725
3.1891203
3.3645964
3.1951487
3.297599
2.748607
3.0859675
2.9821289
2.8968265
2.855239
2.5672357
2.5726123
2.548669
2.4725683
2.466159
2.5069618
2.546239
2.4728377
2.4981134
2.2781153
2.1149216
2.2713594
2.435021
2.6340294
2.7155178
2.5769246
2.2685633
2.1558905
2.1446972
