10000
9.8511505
9.83478
9.782569
9.81241
9.761931
9.796151
9.769915
9.749723
9.728031
9.620693
9.579993
9.557968
9.54239
9.457875
9.48324
9.416373
9.435969
9.3379345
9.2454815
9.21264
9.223399
9.252905
9.129718
9.0220175
9.120201
9.086433
9.11034
9.016129
8.935718
8.921924
8.812961
8.815258
8.709966
8.710601
8.612622
8.61182
8.50371
8.385301
8.297807
8.352642
8.370878
8.200479
8.099691
8.055518
8.045299
7.8912654
7.772487
7.814765
7.615682
7.538982
7.275066
7.4940786
7.326614
7.1528916
7.0724516
7.0072885
6.98993
6.85313
6.944144
6.9551225
7.037231
7.0034456
6.939091
6.784361
6.945086
6.8482327
6.8268414
6.8513083
6.888848
6.957375
6.936125
7.0075555
6.9577246
6.948194
6.9973264
6.978153
7.1082187
6.9913287
7.060895
6.7981544
7.0504518
6.8969975
6.9789767
6.8521614
7.004353
6.845373
6.90295
7.0265174
6.9575524
6.958488
6.9729967
7.2314496
7.405394
7.3997498
7.490706
7.5626016
7.5878115
7.834757
7.949046
8.242747
8.159422
8.207601
8.18202
8.038659
8.088056
8.238561
8.300389
8.274785
8.231142
8.502658
8.402313
8.32993
8.2997
8.227026
8.177327
8.122084
8.115604
8.192222
8.1352825
8.112393
8.0527935
7.9743786
7.9109726
8.0499
7.981881
7.9754376
7.9833755
7.9042096
7.85519
7.780817
7.748356
7.6529655
7.5956793
7.6487923
7.5629745
7.5862303
7.5042496
7.6164637
7.560083
7.5631547
7.6093264
7.5907836
7.550302
7.5667114
7.5004387
7.5802917
7.5284166
7.5580125
7.6094704
7.5432596
7.5035458
7.6096497
7.4937496
7.495058
7.4167995
7.41215
7.3937025
7.4151816
7.2809315
7.3273335
7.3724566
7.3368616
7.299584
7.3935285
7.3211493
7.261189
7.261068
7.340763
7.354305
7.338008
7.371748
7.3989143
7.508568
7.538278
7.318189
7.388706
7.3032045
7.2736773
7.3167644
7.2657557
7.1667466
7.127186
7.1142664
7.124131
7.0333657
7.105106
7.1026635
7.087166
7.121413
7.0124373
7.185804
7.0506296
7.0187216
6.9175863
6.87184
6.794264
6.778368
6.673864
6.5295024
6.8851166
6.5982366
6.696684
6.5557113
6.5695453
6.5589223
6.3650312
6.3668737
6.4126487
6.3875318
6.251527
6.3362064
6.2556324
6.52867
6.4319773
6.596736
6.2236123
6.461961
6.6041636
6.6277065
6.694873
6.5034833
6.658512
6.532685
6.8278995
6.6969895
6.724988
6.485049
6.794481
6.5923867
6.7727222
6.7344866
6.69229
6.6584954
6.6734147
6.708575
6.6976843
6.6277666
6.5603485
6.6720448
6.705093
6.568288
6.642543
6.454479
6.7423525
6.634711
6.850446
6.4775314
6.8606896
6.791015
6.7334347
6.740193
6.366415
6.659002
6.54924
6.5555167
6.505162
6.603069
6.5631022
6.7550774
6.7437587
6.5556273
6.5062656
6.686395
6.6143856
6.7168717
6.6366196
6.595038
6.7601695
6.790248
6.6321287
6.701203
6.6818056
6.633877
6.5693088
6.6790833
6.4680786
6.6167116
6.8186054
6.6834254
6.5841365
6.732237
6.724457
6.6647387
6.646614
6.53652
6.634459
6.5119886
6.701163
6.6927385
6.608174
6.561347
6.5682383
6.454973
6.439654
6.6369405
6.281976
6.429136
6.5071654
6.3178196
6.42802
6.258499
6.3437204
6.4511995
6.158109
6.3111734
6.1801305
6.518225
6.424835
6.4261203
6.380333
6.4059606
6.519002
6.473981
6.3786926
6.5364556
6.5990424
6.6089673
6.231261
6.6776595
6.4755163
6.562082
6.454316
6.562229
6.368637
6.61648
6.5516496
6.536047
6.4560113
6.506252
6.4416904
6.5468187
6.359845
6.5755243
6.2867985
6.5208883
6.3057942
6.5191255
6.528501
6.356483
6.404444
6.4281206
6.5021734
6.4454923
6.373258
6.2881527
6.287964
6.3591456
6.3798523
6.3678856
6.3125105
6.438964
6.3514953
6.355626
6.200262
6.4671655
6.458404
6.494079
6.5378385
6.6110244
6.519662
6.5245395
6.596142
6.5966463
6.6742144
6.9217525
6.8479114
6.8743124
6.814502
6.8872137
6.860379
6.845882
6.8879476
6.9110146
6.9418387
7.1262584
6.944335
7.115898
6.9473214
7.013173
6.8575573
6.905263
6.9326277
6.954965
6.836421
6.7979126
6.9139214
6.966106
6.850079
6.891132
6.8022337
6.8075485
6.8001003
6.7040205
6.680069
6.588512
6.63206
6.643766
6.7192097
6.702661
6.6061535
6.8852987
6.5863285
6.6942053
6.6625624
6.663642
6.4949737
6.5989366
6.64777
6.5296555
6.55896
6.655818
6.5733414
6.667836
6.706129
6.7005734
6.770875
6.736655
6.6336207
6.682966
6.651345
6.8279963
6.5871377
6.64518
6.633705
6.6562214
6.6583114
6.7672715
6.6020784
6.6455517
6.729904
6.7892547
6.6395435
6.7972198
6.895116
6.819361
6.7155256
6.634555
6.700554
7.0111265
6.888406
6.815461
6.872026
6.965854
6.8291435
6.8885784
6.941312
7.011192
6.9363713
7.1340632
7.024032
6.9004335
6.811139
6.889282
6.907705
6.717272
6.7968354
6.9288883
6.8869348
6.882312
6.901627
6.853028
6.985051
6.7749925
7.0149345
6.81659
6.8422923
6.8968115
6.7188826
6.9378123
6.779318
6.6582656
6.905414
6.925018
6.7462616
6.824758
6.851495
6.8422947
7.055882
6.7643704
6.8619013
6.817702
6.9362726
6.7160487
6.9345546
6.81923
6.955827
6.898026
6.9712
6.9676948
6.9037404
7.0596776
7.0230317
6.94804
7.092211
7.030974
7.1723948
7.288398
7.006953
7.4081535
7.3022833
7.2692165
7.228311
7.3246884
7.184559
7.2791953
7.178807
7.3960567
7.378172
7.4543557
7.4154696
7.4338074
7.3434334
7.1625795
7.206651
7.1148605
7.3481436
7.388717
7.404619
7.238917
7.146104
7.2054257
7.3832483
7.123312
7.153014
7.141052
7.1039066
6.927347
6.9893384
6.987215
6.983076
7.00032
7.0524435
6.995684
7.1565576
6.9201236
6.933625
6.9256196
6.9332867
7.047921
6.9682813
6.905565
6.9273853
6.900237
6.932346
6.984824
6.9324746
6.993519
7.012252
6.9159484
6.8771496
6.7838955
6.9275074
7.0218835
6.960072
6.856824
6.849153
6.873969
6.805915
7.023215
6.9767814
7.162083
6.985557
7.0594378
7.172698
7.1170745
7.084335
6.984054
7.051662
7.0818567
7.133219
7.246182
7.253131
7.4447126
7.2477098
7.3858914
7.388112
7.3480477
7.354967
7.3069677
7.2952204
7.4084363
7.407216
7.324088
7.1349254
7.140265
7.3487496
7.3269453
7.386075
7.301421
7.3528347
7.167405
7.1541977
7.3115335
7.2286987
7.3276114
7.320252
7.2325873
6.8604712
6.957328
7.064777
6.990321
7.0709977
7.0421767
6.94978
6.856219
6.70201
6.8624473
6.834861
6.7967563
6.854108
6.842976
6.716635
6.9649305
6.8804064
6.763183
6.892437
6.922153
6.8674173
6.875666
6.7500005
7.034057
6.879785
6.842773
6.8999
6.931533
6.9357567
7.019169
6.788472
7.0267925
6.93324
7.0574393
6.872813
6.9653835
6.94902
7.072986
6.8139906
7.2045655
7.1989465
6.8946466
7.145667
7.2850432
7.2149506
7.1803946
7.1903644
7.2219057
7.084293
7.278749
7.4612093
7.2996244
7.347081
7.334885
7.251632
7.4111123
7.5629334
7.238177
7.414888
7.379905
7.461579
7.1681676
7.3870625
7.474297
7.2105675
7.4006405
7.092691
7.2982874
7.2424674
7.114052
7.2386203
7.4234257
7.225814
6.9695296
7.2774076
7.1752934
7.0697446
7.024977
7.0698977
6.8483744
7.0679307
6.91765
6.945845
6.9137826
6.8493667
6.67524
6.835204
6.7847347
6.6673837
6.8529744
6.90876
6.822322
6.8257
6.6718597
6.895089
7.0389977
6.9423394
6.895697
6.9024134
6.7002773
6.933143
6.9757595
6.8877263
6.9331727
6.7963457
7.0455055
6.9058914
7.041424
6.802537
7.03443
6.9754934
6.858046
6.986853
6.8923726
7.044706
7.0523686
7.025701
7.0992274
6.929259
7.180144
6.9961534
7.2298856
7.191232
7.043308
7.128036
7.0670605
7.08124
7.398452
7.0413513
7.394632
7.0859222
7.394382
7.329336
7.369884
7.4510164
7.1843524
7.3205814
7.2969685
7.2240644
7.314758
7.227776
7.147296
7.1639576
7.2190948
7.103246
7.0997715
7.1372814
7.1497316
7.216673
7.224734
7.1509666
7.211488
7.029902
7.1189165
6.9387865
7.1144295
6.92172
7.0514593
6.9409695
6.9824257
6.864603
6.861697
6.81345
6.6456347
6.7119064
6.74601
6.881295
6.9162345
6.8846264
6.7420306
6.836867
7.085698
6.8685966
7.175078
7.162791
7.112212
7.109427
6.847865
6.5628266
6.460973
6.63706
6.6050396
6.1913967
6.0069103
5.756967
5.255629
5.391474
4.853678
4.6133027
4.472681
3.9870017
3.5952
3.1674836
2.9371772
2.8072612
2.4665809
2.2665577
2.0079768
2.1208375
1.981102
2.1409938
2.519523
2.1580663
1.8837062
2.0999367
2.0422223
1.8881147
2.25737
2.3650146
2.488575
2.447077
2.6647494
3.0514357
2.6678352
2.1289144
2.2810123
2.5350175
3.0369883
2.4710844
2.0568092
2.4594617
2.7903912
2.190852
2.4850209
2.8543596
2.8339958
2.573802
2.402238
2.737341
2.9946887
2.972717
1.9869691
2.7236743
2.7781522
2.321493
2.3109627
2.5503101
2.3411555
2.514085
2.7502277
2.820175
2.3111608
2.6219864
2.1370888
2.0934186
2.4048846
2.4987726
2.3325264
2.47374
2.1791022
2.2170134
2.3796818
2.6865182
2.396677
2.4835727
2.2408495
2.4139984
2.18804
2.5124798
2.3985543
2.4435232
2.3869739
2.5888546
2.4308763
2.1158934
2.841554
2.5420098
2.8084447
3.1411388
2.9736636
3.191136
3.1719103
3.290993
2.946062
3.0918267
2.950914
3.2713144
3.1347363
3.0166976
2.8368657
3.1653335
3.2422128
3.2899675
3.1564565
3.051291
3.2884786
3.070017
3.3690765
3.1043375
2.992466
3.2533507
2.9306202
3.1546576
3.0941997
3.2199452
3.0746017
3.1411183
3.2102578
3.1929684
2.9370399
3.030301
2.8096948
3.0519953
2.686931
2.8013675
2.8248808
2.9091704
2.6820798
3.0108325
2.8630235
2.4909933
2.833651
2.7824912
2.9095986
2.8394766
3.1493323
2.7593796
2.8545027
2.8125436
2.5462563
2.7310398
2.8377578
2.7656546
2.4915004
2.6019073
2.6217742
2.4848192
2.4924905
2.3111134
2.2593806
2.2732072
2.1830032
2.0589118
1.9242878
2.0062897
2.093272
2.149627
2.1499472
2.3444595
2.231973
2.171547
2.1968067
2.2615724
2.3802197
2.6778643
2.694594
2.7524483
2.683114
2.6389449
2.863176
2.7138288
2.6828148
2.7065322
2.5996468
2.7310076
2.7302775
2.9924407
2.9627957
2.8017075
2.8342147
2.917347
3.1068683
2.8667235
2.8279052
2.8596911
2.8773696
2.796294
2.8576057
2.8903284
3.2350743
2.926
2.7087162
2.6519716
2.5324962
2.5902681
2.649828
2.653214
2.851514
2.8869898
3.0065887
3.1978226
3.4062107
3.6636567
3.5820081
3.7942672
3.5752506
3.59895
3.5945997
3.5650616
3.7143393
3.5150244
3.616854
3.6453502
3.6550841
3.6483426
3.7980742
4.0970984
4.142291
4.079755
4.211654
4.2065687
4.208242
4.121425
3.8797007
3.9474986
4.2071004
4.049099
4.0157185
4.031447
3.77322
3.7306712
3.8790822
3.3891888
3.556931
3.7256646
3.3870997
3.4236946
3.2777822
3.2806344
3.315046
3.325795
3.2004874
3.2568405
3.0507812
3.034497
3.1627784
3.155006
3.0428686
3.2292812
3.1483078
3.0565464
3.22137
3.1615186
3.3902926
3.35514
3.4633489
3.6153023
3.5442772
3.4731994
3.4720712
3.6286666
3.71513
3.6984248
3.786858
3.5859866
3.6141856
3.6330569
3.5737925
3.461192
3.3412175
3.5332713
3.4073164
3.309528
3.5056765
3.3919158
3.444487
3.5341654
3.5887432
3.3891447
3.3697448
3.5283039
3.4107
3.348108
3.315155
3.5103402
3.5639465
3.2606
3.3157787
3.4184618
3.4910884
3.4583194
3.1201131
3.3602061
3.1934354
3.3016524
3.1833856
3.3770943
3.232528
3.383748
3.3270938
3.3907583
3.378728
3.5141022
3.354605
3.3750267
3.2094269
3.3125498
3.1767726
3.3064325
3.279499
3.270718
3.0993004
3.2470047
3.0563207
3.1146712
3.1044993
3.176824
3.0966384
3.2359974
3.0424185
3.2472622
3.3087993
3.3846421
3.3409665
3.424817
3.381435
3.384719
3.2776022
3.3850248
3.2557569
3.3641243
3.356323
3.3107197
3.2676075
3.3358912
3.325818
3.354329
3.290323
3.209651
3.3311021
3.3139465
3.297886
3.3645573
3.3494787
3.385667
3.3770595
3.2910056
3.1050954
2.994313
3.13733
3.1566744
3.0745966
3.3189995
3.217656
3.3468006
3.2260857
3.315887
3.3296986
3.4566429
3.4222002
3.5956388
3.5253115
3.5513215
3.6288543
3.4625754
3.6225688
3.5853884
3.5958626
3.607209
3.7279835
3.7188728
3.6038
3.5532043
3.4342022
3.3567498
3.336708
3.320005
3.1650681
2.953035
2.7630463
2.6161788
2.6315043
2.7850957
2.9148393
2.9850395
2.9385185
3.2427342
3.1382089
3.1891227
3.1394134
3.16913
3.3694706
3.3368137
3.4124944
3.4164581
3.5184205
3.5392678
3.4321878
3.4715219
3.5114813
3.4984388
3.6029294
3.517045
3.6855671
3.8600965
3.8500173
3.860273
3.8862987
3.922125
3.5969412
3.58986
3.4703674
3.2472682
3.0704086
3.1436856
3.4661784
3.4646661
3.5891817
3.7506113
3.6934614
3.7452688
3.818281
3.4536922
3.609066
3.6751866
3.5078063
3.7481267
3.6349628
3.7101674
3.634401
3.5407948
3.715095
3.7810693
3.803671
3.6215672
3.7288842
3.7666397
3.7623885
3.782384
3.7796316
3.6090767
3.6935117
3.7650785
3.621657
3.6132908
3.754726
3.557372
3.4932878
3.5790558
3.5146847
3.6152499
3.5127454
3.432828
3.504346
3.4581828
3.4462767
3.428721
3.2663004
3.3645463
3.2629452
3.3017733
3.3495908
3.285702
3.2437685
3.2320936
3.2327123
3.2426636
3.382034
3.388345
3.4748564
3.4491196
3.5076797
3.6009455
3.576518
3.5792418
3.68343
3.5458267
3.5731888
3.4799445
3.4239254
3.5034246
3.4255688
3.349752
3.4417746
3.4007945
3.419124
3.3770244
3.4583662
3.490269
3.336143
3.4569955
3.546779
3.494526
3.5239134
3.4781184
3.4109838
3.5195508
3.5130887
3.576949
3.6812007
3.6270332
3.6045253
3.7351964
3.7784898
3.7715256
3.7158763
3.8533063
3.672211
3.6829245
3.6916335
3.629173
3.5682647
3.6081216
3.5439086
3.4655843
3.4793937
3.5652738
3.6019952
3.7000375
3.5934987
3.6589875
3.772927
3.7922776
3.7643363
3.8328059
3.723745
3.7343423
3.7065873
3.7270627
3.8268738
3.8202665
3.6990414
3.7305236
3.6872444
3.7291665
3.7090528
3.6234107
3.560806
3.5731366
3.4526396
3.529873
3.411288
3.4083245
3.4359949
3.4821956
3.2480981
3.4311094
3.4372642
3.349621
3.493925
3.3898602
3.3358634
3.4149075
3.5807176
3.5534232
3.59372
3.6444829
3.7938173
3.9555664
4.0066137
3.9547434
3.9922674
3.988566
3.8265302
3.959225
3.7978673
3.7161338
3.717508
3.6057863
3.5056496
3.4900455
3.448652
3.6899464
3.6192863
3.5998669
3.5027177
3.5553818
3.3178804
3.4252417
3.5425913
3.524133
3.4129887
3.6041484
3.3519206
3.4198434
3.6087875
3.3241634
3.4372294
3.410574
3.4261527
3.5472212
3.6247735
3.6787894
3.7664325
3.8963766
3.6859279
3.7207437
3.83964
3.7729774
3.8425262
3.5917773
3.655322
3.6363525
3.7438426
3.7342448
3.6973677
3.6661508
3.8628387
3.7655776
3.762401
3.7551444
3.751445
3.6446373
3.6987157
3.5408938
3.6135035
3.4388711
3.3939242
3.3841257
3.3689122
3.3552206
3.2598822
3.345233
3.3376687
3.4006085
3.3967032
3.196133
3.3850114
3.3746352
3.4746554
3.5314171
3.53299
3.6354127
3.7646048
3.6863475
3.9103506
3.6700876
3.7358015
3.7649996
3.7695458
3.5444233
3.457014
3.4501083
3.4304204
3.2833834
3.2139053
3.0221984
3.2457504
3.386256
3.4448178
3.4646523
3.428819
3.402728
3.4536095
3.4122827
3.382466
3.339213
3.2960567
3.239062
3.3812423
3.4342585
3.5067687
3.3928404
3.2859519
3.1959918
3.1830635
3.0295935
3.0401638
2.9561822
2.93297
2.9496267
2.8404155
2.8917286
2.92347
2.9195085
2.9597323
2.9340808
2.972819
2.8737972
2.8714724
2.8090124
2.7478042
2.5430417
2.5505998
2.5609288
2.658752
2.5546467
2.703866
2.6945267
2.7770631
2.886425
3.278307
3.0332491
2.8718007
2.7284038
2.835369
2.9770577
3.046626
3.022694
2.9869246
2.9056973
2.8511214
2.9025383
2.7567444
2.9620936
3.05321
3.0679693
3.1228735
3.0940943
3.293949
3.322674
3.249673
3.099284
2.9729815
2.8149748
2.8542318
2.8413832
2.596273
2.6222792
2.466219
2.5383909
2.5175593
2.3817377
2.6411858
2.7423973
2.7612474
2.9228601
2.8131745
2.7653255
2.8142176
2.8915555
2.4993153
2.6176345
2.71279
2.6890357
2.5208683
2.6094592
2.712894
2.7400792
2.7238543
2.7601874
2.7392929
2.8456223
2.826664
2.8791077
2.9116106
3.0936975
3.0521796
2.953572
2.9166558
2.8939273
2.728449
2.5611124
2.6123905
2.509008
2.315113
2.4403021
2.2966754
2.315463
2.120007
2.1411633
2.340611
2.4584403
2.4425082
2.4045117
2.3856802
2.585602
2.4816313
2.6420858
2.4940696
2.4959128
2.468879
2.49881
2.3846948
2.4525418
2.4510412
2.472542
2.458163
2.2842386
2.3297415
2.4620059
2.3678718
2.435373
2.4553323
2.5262716
2.4878695
2.4227192
2.5775254
2.51747
2.547191
2.6025407
2.6491165
2.658499
2.6985168
2.6552339
2.65269
2.6527855
2.4316263
2.237009
2.3186805
2.2686944
2.246945
2.309631
2.20541
2.1597798
2.245358
2.0242586
2.2596204
2.268867
2.4708374
2.648176
2.5530977
2.7137132
2.694457
2.6914394
2.602376
2.5597982
2.6322687
2.6392503
2.6210597
2.5818157
2.6372604
2.408288
2.322176
2.191754
2.2123284
2.2918434
2.4115272
2.183287
2.2365568
2.1394782
2.1202803
2.0997689
2.1254783
2.1830077
2.2555063
2.396821
2.3827102
2.4643905
2.53666
2.5002658
2.552527
2.6066022
2.5760376
2.6605608
2.6951985
2.7901585
2.7000577
2.6650512
2.7428038
2.9044833
2.8891978
2.9113808
2.9037507
2.9503956
3.0397944
2.9286685
3.1482248
2.9266307
3.1031127
2.9781072
3.0441291
3.2772267
3.3540378
3.669356
3.856656
3.915066
4.0546556
3.9795463
4.0854626
4.1582594
4.2418046
4.413759
4.524621
4.309891
4.473996
4.5251765
4.559792
4.504871
4.5439663
4.29853
4.233618
4.261614
4.3918076
4.002063
3.9440246
3.9025362
4.0363865
3.6978946
3.9482448
3.8664556
3.8804464
3.7082999
3.4552543
3.2641354
2.942814
2.742402
2.4263759
2.4044042
2.3312516
2.400197
2.323511
2.3620985
2.4877777
2.514132
2.5790215
2.6050928
2.769953
2.7775416
2.6832235
2.726214
2.8474936
2.7368903
2.8927245
2.8531466
2.8028557
2.794672
2.6845407
2.76082
2.7551003
2.6666732
2.5346284
2.5244818
2.5325904
2.8169527
2.7422047
2.7962916
3.1056743
3.2802694
3.3471518
3.3503656
3.189363
3.1491785
2.8803182
2.737912
2.5676727
2.4535983
2.420616
2.161556
1.9704378
1.8747625
2.014389
2.0814612
2.149208
2.3086123
2.0977974
1.8220448
2.0323
2.0315778
2.2518218
2.5055273
2.882536
3.2813222
3.291145
3.5384502
3.5180082
3.5472612
3.126294
2.9078746
2.4687152
2.0584526
2.1774805
2.30402
2.4880364
2.464991
2.6098232
2.6109333
2.7555332
2.7890568
2.932821
2.8387241
2.9664414
3.0957096
3.1647172
3.2838082
3.2791474
3.0050516
2.7039661
2.6084075
2.6865919
3.06952
3.2783005
3.4135516
3.3961797
3.4033418
3.25274
3.276644
3.2980237
3.4144413
3.3452063
3.2456276
3.183123
3.212767
3.1806884
3.1279263
3.0444622
3.2094073
3.1018593
3.1051674
2.8836427
2.7990901
2.8527246
3.0309036
2.8207283
2.8127105
2.7862318
2.6948738
2.5848851
2.4906855
2.5675662
2.7028027
2.7825167
2.8449056
2.9132714
3.000277
3.042848
3.014469
3.1470265
3.1455364
3.0525799
3.1725216
3.105641
3.383314
3.2570498
3.3351078
3.2790072
3.309648
3.244577
3.2528968
3.1870203
3.335084
3.2267797
3.2911716
3.1725054
3.0844626
3.1232052
2.9646873
2.7472053
2.5548472
2.3558507
2.2152321
2.0510604
2.0821936
1.906102
1.9126762
1.7643863
1.5533439
1.7738281
1.8519253
1.9368551
1.9635888
1.6821464
1.9021065
2.0867674
2.2191951
2.2480466
2.3382857
2.251572
2.15251
2.1537375
2.0792246
2.0666087
2.01542
1.9891524
1.9065937
1.8537391
1.7591373
1.7267845
1.748007
1.6384001
1.7474207
1.6050522
1.3180108
1.4062765
1.48735
1.5484135
1.5249518
1.6742206
1.658083
1.7207357
1.7599688
1.7568454
1.9925125
1.8956962
1.738085
1.8026599
1.6953605
1.509185
1.4708003
1.5368539
1.5906764
2.0677207
2.297062
2.2436662
2.271841
2.1866822
2.2304406
2.0480773
2.0171509
2.0700803
2.1472125
