10000
9.851159
9.834773
9.782581
9.812407
9.761948
9.796145
9.769913
9.749728
9.72804
9.620701
9.579971
9.5579815
9.542404
9.457875
9.483263
9.416367
9.435968
9.3379345
9.245487
9.212648
9.223411
9.252932
9.129727
9.022013
9.12021
9.08644
9.110319
9.01615
8.935706
8.921919
8.812957
8.815249
8.709953
8.710605
8.612633
8.611835
8.503718
8.385315
8.297808
8.352646
8.3708935
8.20047
8.099701
8.055521
8.045297
7.8912625
7.7724886
7.8147707
7.6156836
7.5389776
7.2750635
7.494087
7.3266025
7.152887
7.072462
7.0072813
6.9899306
6.8531427
6.9441614
6.9551272
7.0372334
7.003436
6.93908
6.7843537
6.945059
6.848228
6.8268347
6.851313
6.888858
6.9573703
6.9361267
7.00756
6.957735
6.9482036
6.997331
6.9781575
7.1082134
6.991322
7.060893
6.798136
7.050467
6.896991
6.9789786
6.852157
7.0043583
6.8453636
6.9029717
7.0265293
6.957548
6.9584904
6.973006
7.2314444
7.405401
7.399773
7.490697
7.5625877
7.5878215
7.8347597
7.9490433
8.242763
8.159419
8.207591
8.182021
8.038661
8.088066
8.238552
8.300396
8.27479
8.2311535
8.502666
8.402327
8.329925
8.299677
8.227026
8.177335
8.122071
8.115605
8.192237
8.13529
8.112394
8.052784
7.974391
7.910967
8.049901
7.981897
7.975453
7.983381
7.9042053
7.8551936
7.7808146
7.748377
7.6529536
7.5956845
7.648792
7.562978
7.5862417
7.504245
7.6164618
7.5600824
7.563171
7.609334
7.59078
7.5502954
7.5667067
7.500433
7.580286
7.5284233
7.558033
7.609449
7.543263
7.503544
7.6096654
7.4937477
7.495069
7.4167905
7.412153
7.3936896
7.4152083
7.2809176
7.3273225
7.372456
7.336849
7.2995815
7.3935213
7.3211527
7.261207
7.261074
7.3407483
7.3543086
7.338017
7.3717666
7.3989234
7.508573
7.5382814
7.3181887
7.388697
7.30321
7.273678
7.3167653
7.265744
7.1667485
7.1271806
7.1142535
7.124137
7.033363
7.1050997
7.10265
7.087166
7.121431
7.012435
7.1858115
7.050636
7.0187154
6.917592
6.8718424
6.794262
6.77837
6.6738687
6.529513
6.885119
6.598236
6.6966705
6.555723
6.5695467
6.5589213
6.3650255
6.3668714
6.412648
6.387534
6.251511
6.3362145
6.255637
6.5286636
6.431981
6.596737
6.223613
6.4619656
6.6041627
6.627717
6.69487
6.5035024
6.658514
6.532674
6.8279047
6.6969957
6.725003
6.4850616
6.794487
6.592385
6.77274
6.7345
6.692295
6.658504
6.6734242
6.7085714
6.6976867
6.6277785
6.5603433
6.6720386
6.7050953
6.5682893
6.6425185
6.454475
6.742366
6.634699
6.8504424
6.477524
6.8606777
6.791006
6.7334275
6.740194
6.3664193
6.659002
6.549246
6.5555296
6.50516
6.6030636
6.5631013
6.7550793
6.7437487
6.555627
6.506264
6.686382
6.6143713
6.716869
6.636626
6.595015
6.760167
6.790237
6.6321106
6.701193
6.681811
6.6338644
6.569318
6.6790743
6.4680805
6.6167006
6.8186235
6.6834297
6.58414
6.732239
6.7244606
6.66477
6.646619
6.5365114
6.6344614
6.5119987
6.701178
6.6927404
6.6081853
6.5613465
6.5682397
6.4549694
6.4396505
6.6369495
6.281987
6.4291363
6.507188
6.3178167
6.428005
6.258496
6.343706
6.4512014
6.1581087
6.3111653
6.1801233
6.5182376
6.4248323
6.426131
6.380326
6.405965
6.5189795
6.4739895
6.378691
6.5364785
6.599053
6.608964
6.2312565
6.6776676
6.4755154
6.562106
6.454312
6.562219
6.368636
6.6164794
6.5516505
6.5360456
6.4560156
6.506267
6.4416995
6.546832
6.3598533
6.5755253
6.286804
6.5209002
6.3058
6.5191298
6.5284896
6.3564715
6.4044585
6.428114
6.5021677
6.4454756
6.37326
6.2881556
6.287945
6.3591413
6.37987
6.3678946
6.3125186
6.438954
6.3514957
6.355633
6.2002563
6.4671636
6.4583936
6.4940743
6.5378532
6.611022
6.5196624
6.524541
6.5961466
6.5966535
6.6742144
6.921774
6.847904
6.8743234
6.814504
6.8872294
6.860383
6.8459024
6.887945
6.9110174
6.941844
7.1262317
6.9443316
7.1158953
6.9473057
7.0131764
6.8575563
6.9052744
6.932622
6.9549565
6.8364267
6.797921
6.913924
6.9661055
6.850086
6.891148
6.802236
6.8075514
6.80009
6.704019
6.6800737
6.588514
6.632052
6.763163
6.7644434
6.702667
6.67518
6.7787743
6.5863175
6.6942024
6.6625643
6.663635
6.49496
6.598924
6.647769
6.529654
6.5589657
6.655821
6.5733333
6.667828
6.706132
6.700574
6.770888
6.736651
6.6336217
6.6829615
6.6513367
6.828001
6.5871387
6.790974
6.6086493
6.6562214
6.65831
6.7672625
6.6020784
6.645559
6.72991
6.789253
6.63955
6.797218
6.895102
6.8193545
6.715541
6.6345477
6.7005568
7.0111437
6.888397
6.815455
6.872039
6.965863
6.8291636
6.88857
6.9413176
7.01118
6.93636
7.134071
7.024032
6.900439
6.8111477
6.889287
6.907713
6.717263
6.796815
6.9288955
6.8869457
6.882309
6.901624
6.853042
6.985053
6.774989
7.0149384
6.816586
6.8422875
6.896799
6.7188826
6.937821
6.779315
6.658256
6.9054165
6.9250226
6.746266
6.824771
6.851511
6.842289
7.0558887
6.764365
6.8619056
6.817692
6.9362726
6.7160435
6.9345407
6.8192306
6.9558334
6.8980317
6.9711895
6.967707
6.9037466
7.059672
7.0230293
6.9480333
7.092215
7.0309796
7.1723967
7.2883987
7.006947
7.408149
7.302292
7.269198
7.228311
7.3246794
7.184538
7.279183
7.178812
7.396071
7.378175
7.454364
7.4154634
7.433792
7.3434134
7.162591
7.2066536
7.1148615
7.3481307
7.3887186
7.4046125
7.238918
7.146118
7.2054195
7.38326
7.123315
7.153004
7.141056
7.103932
6.9273286
6.989343
6.98721
6.98308
7.000306
7.052451
6.9956884
7.1565394
6.9201264
6.933612
6.925622
6.933297
7.0479164
6.9682727
6.9055843
6.927392
6.9002504
6.9323483
6.984832
6.9324703
6.9935174
7.012243
6.9159384
6.877132
6.783894
6.9275055
7.0218806
6.960063
6.856815
6.849151
6.873964
6.8059163
7.0232177
6.9767575
7.1620812
6.9855485
7.059438
7.172674
7.117091
7.084348
6.984063
7.0516496
7.081867
7.133212
7.2461843
7.2531257
7.444703
7.247697
7.3858786
7.3881135
7.3480525
7.3549714
7.306963
7.2952294
7.408435
7.4072022
7.3240843
7.1349244
7.140274
7.3487487
7.326951
7.3860703
7.301425
7.352844
7.1397505
7.2568045
7.180392
7.384015
7.3276095
7.3202353
7.269859
6.95083
6.8234677
7.0647798
7.074812
7.015714
6.97515
6.9995856
6.791631
6.702011
6.8624425
6.8348646
6.796757
6.8541
6.777716
6.7045035
6.879077
6.8804216
6.8754425
6.820216
6.922154
6.8674226
7.0032415
6.750006
6.886933
6.959028
6.842777
6.8999004
6.931533
7.0523767
6.8751807
6.8661814
6.8102326
6.969324
6.9590745
7.0938783
6.851854
7.0523033
6.9288344
6.885349
7.163786
7.054283
7.0223355
7.0357857
7.285046
7.214956
7.3472366
7.0678344
7.32127
7.07741
7.2450204
7.396975
7.3416357
7.504262
7.41084
7.317998
7.41091
7.5765004
7.2993293
7.4687586
7.4612465
7.430977
7.284835
7.4453955
7.5177484
7.3309536
7.321739
7.3713083
7.2399044
7.243187
7.3046846
7.400342
7.382729
7.3304186
7.229529
7.231659
7.0825562
7.16655
7.144626
7.0382156
6.8539457
6.8653116
6.9836264
6.9157453
6.8923593
6.877242
6.88827
6.897444
6.9143095
6.869504
6.8018436
6.6990166
6.8974314
6.6874022
6.8160243
6.835752
6.9671493
6.847909
6.83183
6.9609013
6.790312
6.858702
7.007148
6.8394175
6.9313517
6.9600945
7.007673
6.854338
6.910543
6.9456773
7.0211325
6.9804997
6.8580627
6.98686
6.892373
7.085463
7.085625
7.0001183
7.2122602
6.9292526
7.180133
6.996155
7.2298956
7.1912327
7.174411
7.0499887
7.067072
7.081232
7.1018333
7.4058013
7.3401265
7.3389378
7.33507
7.352518
7.369905
7.4313874
7.168215
7.2163057
7.284221
7.242715
7.2976866
7.2234955
7.252868
7.133168
7.375599
7.044993
7.176867
7.1144724
7.132425
7.196098
7.242445
7.12544
7.0252967
7.057895
7.2093315
6.9709425
7.0189295
7.047645
6.957131
7.067881
7.0342517
6.897883
6.890043
6.8543
6.8382244
6.7347007
6.9067435
6.786429
6.984895
6.733715
6.917368
6.860494
6.877785
6.8686047
7.1750717
7.2007155
7.160559
7.059591
6.8478723
6.562819
6.4609666
6.6084766
6.6050367
6.191403
6.0069256
5.680378
5.3307476
5.4386973
4.799178
4.7096925
4.294424
3.9282777
3.607348
3.1826384
3.204599
3.9557083
4.063914
3.1246953
3.1926665
3.2608347
3.3952537
2.949347
3.684253
3.9806151
2.9517424
3.9187622
3.2048535
2.8842397
3.9262905
4.165053
4.352961
4.1963263
4.0365477
4.0137386
4.0075173
4.089546
4.0291996
4.0600276
4.082506
4.4674864
5.73115
3.6913455
3.3986144
5.3958845
5.6749716
5.4633284
4.8109074
4.257799
5.794626
6.6086845
6.4484
6.581299
6.624867
6.3772717
6.6377707
6.632036
6.891597
6.736006
6.7906585
6.6463737
6.871324
6.958636
6.9664187
7.250338
7.1273313
7.172618
7.055649
7.0996537
7.0996847
7.1765623
7.118886
7.1466136
7.095541
7.0512643
6.977256
7.174348
6.928544
7.0818377
7.106208
6.7824726
7.0498915
7.204724
7.099065
7.1100683
7.402869
7.221889
7.391992
7.2144785
7.3193564
7.39586
7.315823
7.1533003
7.603961
7.463827
7.449538
7.5900207
7.609523
7.5738378
7.518426
7.6212726
7.5449667
7.4396663
7.4923854
7.5240426
7.483567
7.402285
7.6832976
7.4594355
7.6004686
7.5333204
7.621313
7.314709
7.5465755
7.436475
7.3698955
7.358087
7.481224
7.260395
7.4757586
7.1954327
7.2257943
7.245057
7.42299
7.3153887
7.2764177
7.275881
7.3016257
7.2700415
7.4067583
7.3772416
7.367717
7.2372484
7.29737
7.446391
7.494557
7.5425406
7.365284
7.5972366
7.3770137
7.5148582
7.441864
7.5556593
7.5697803
7.524134
7.4776325
7.5531626
7.4689784
7.4670963
7.5667057
7.4928637
7.648326
7.5767145
7.5507183
7.7176394
7.7635903
7.7395797
7.6219616
7.827625
7.821311
7.816046
7.728253
7.686385
7.62041
7.724629
7.6605654
7.4282026
7.380433
7.556631
7.622485
7.4242754
7.520622
7.4271073
7.448438
7.5964003
7.4686003
7.3235345
7.462478
7.2804904
7.278404
7.360119
7.3537035
7.319656
7.2327995
7.3570886
7.3342156
7.470935
7.3462973
7.289706
7.3128834
7.382905
7.358825
7.242277
7.386509
7.2245035
7.281374
7.344906
7.323732
7.4062147
7.4328837
7.537306
7.4746704
7.491131
7.6016717
7.657988
7.5709543
7.5176206
7.4996123
7.6648803
7.7100496
7.9405503
7.7098274
7.783969
7.66946
7.8316584
7.8302035
7.692663
7.8974533
7.7535477
7.67428
7.6047816
7.5533147
7.370013
7.6122556
7.551251
7.6438646
7.689061
7.5253496
7.6253233
7.53343
7.4333744
7.4769483
7.2612424
7.400297
7.3718615
7.405572
7.2893124
7.375568
7.3999677
7.356186
7.4477577
7.45331
7.6478596
7.3030415
7.3538103
7.4298778
7.488886
7.595551
7.540552
7.536846
7.589511
7.6718135
7.75792
7.732932
7.8024406
7.798849
7.673915
7.734103
7.7440314
7.9287024
7.826497
7.902381
7.7970314
7.794634
7.898302
7.654527
7.7062526
7.7703476
7.5836325
7.72005
7.608711
7.6620855
7.656041
7.6610303
7.6269207
7.524742
7.618552
7.6067224
7.3715887
7.387771
7.548475
7.343143
7.500444
7.4268923
7.249778
7.4495554
7.401613
7.3625264
7.3561044
7.1324606
7.364223
7.3934717
7.4454207
7.316384
7.56614
7.7014146
7.6626463
7.7785373
7.6678905
7.7372293
7.7505264
7.892959
7.7873545
7.866754
7.7822676
7.9652104
7.814695
7.907106
7.7097826
7.6233892
7.8079586
7.753545
7.4751472
7.664212
7.558748
7.704256
7.580094
7.4197664
7.523154
7.4390855
7.431796
7.440399
7.4617696
7.4188304
7.410202
7.395563
7.386975
7.37995
7.4320664
7.371496
7.424184
7.4300027
7.2860317
7.5190053
7.29162
7.388706
7.506099
7.358387
7.7272396
7.668272
7.614412
7.684964
7.7798247
7.9385486
7.8921647
8.010039
7.9233155
7.8882055
7.882358
7.8232336
7.8746476
7.986671
7.9112735
7.918132
7.710168
7.7540646
7.8194175
7.691955
7.71081
7.4206085
7.3767385
7.3060613
7.40258
7.4986362
7.319501
7.2567415
7.3067403
7.3632946
7.236946
7.3641477
7.226742
7.3436475
7.1827855
7.4278
7.4199266
7.434326
7.263713
7.541768
7.497907
7.607826
7.643003
7.620617
7.6252704
7.688446
7.642996
7.5418687
7.7158012
7.5801854
7.5844707
7.5774612
7.588178
7.6489573
7.6506186
7.56897
7.6995873
7.551512
7.5123186
7.3008847
7.233029
7.100081
7.060794
7.08585
6.928591
7.1103487
7.094472
7.0250015
7.026399
7.1096582
7.1044674
6.9957232
7.2562237
7.0753865
7.370569
7.2015476
7.3252134
7.3517585
7.3123775
7.600333
7.5357885
7.3204107
7.587943
7.2633
7.5735717
7.51346
7.6610813
7.6100106
7.716214
7.9417124
7.463908
7.5772533
7.5544357
7.6867433
7.5798836
7.504159
7.35128
7.3278894
7.584771
7.14638
7.0464783
7.3496804
6.983428
7.056718
7.296306
7.055153
6.915529
6.974906
7.023885
6.757446
7.08596
6.8205614
6.97188
6.984135
7.05053
7.030556
7.091451
7.0962424
7.1332493
7.3005304
7.133421
7.2119193
7.5459514
7.4158783
7.669724
7.5118465
7.3661666
7.7891293
7.5450006
7.1220846
7.3590846
7.3638043
7.294836
7.3958488
7.4797645
7.0438433
7.152787
7.1780024
7.2209625
7.09895
7.033362
7.274655
7.217799
7.072152
7.1497374
7.041732
6.8914747
6.851241
6.7394924
6.9869194
6.795049
6.8251038
7.057954
7.182438
7.126233
7.050992
6.6746016
6.9321313
7.147008
7.140689
7.2202034
7.3620505
7.4186516
7.451312
7.695334
7.3347797
7.2894893
7.347837
7.080392
7.1435432
7.3488827
7.3778167
7.243408
7.1305575
7.1806264
7.299536
7.099903
7.3470345
7.104179
7.212165
6.957243
7.0005836
6.6026945
6.779808
6.8209314
6.753754
6.8623085
6.7544346
6.7465525
6.7285423
6.65707
6.6935887
6.5822015
7.1218896
6.9033985
7.271137
7.0528355
7.0524526
7.0837173
7.16064
7.019323
7.0773363
7.07148
7.0877533
6.9260654
7.0348954
7.0386057
6.6804066
6.7582808
6.7515907
7.1475015
6.7584844
6.6772213
6.970307
6.7204237
6.7409897
6.596876
6.8172064
6.7454715
6.3554034
6.5728073
6.466352
6.693817
6.812096
6.386682
6.601085
6.6478395
6.6549344
6.7957096
6.828363
6.679262
6.8996124
6.868333
6.859417
6.9742002
6.9985514
7.1066947
6.857817
6.7472215
6.78728
6.785984
6.6933985
6.5528755
6.6548214
6.6045384
6.449128
6.7565227
6.586639
6.3610144
6.5051727
6.4244585
6.4620347
6.4040537
6.230124
6.3345556
6.1540303
6.121175
6.036526
6.127702
6.4140596
6.2850866
6.095041
6.319975
6.480996
6.0684624
6.306567
6.101321
6.187511
6.145195
6.2012324
6.3762217
6.269979
6.3096685
6.335364
6.3900003
6.311037
6.3581066
6.5118446
6.4920664
6.136948
6.2385902
6.2487693
6.16331
6.2797933
6.210366
6.333581
6.3778973
6.258632
6.3774123
6.236753
6.197622
6.2949867
6.2648277
6.1613407
5.9863195
6.138902
6.1008816
5.828698
5.9145026
5.941417
6.0111184
5.920086
5.9318295
5.879399
5.7530737
5.7866435
5.735339
5.7855206
6.064704
5.8253727
5.7662625
5.8748274
5.9609804
5.8675804
6.102341
6.316281
6.096004
6.0492373
6.392148
6.038147
6.1722865
6.1011615
6.172818
6.056476
5.962716
6.2404294
6.1954017
6.2409625
6.3475323
6.444213
6.191758
6.043593
6.2916856
6.241108
6.492998
6.344111
6.44479
6.471349
6.3688574
6.4732203
6.317491
6.413188
6.3826685
6.2677107
6.3755403
6.3594413
6.3062
6.582615
6.3833427
6.401239
6.276102
6.294858
6.4219317
6.3084326
6.448615
6.545573
6.3097296
6.294464
6.320097
6.4841833
6.345946
6.3008137
6.3591046
6.09868
6.0038733
6.1041403
6.4081473
6.37073
6.619174
6.4085274
6.4889617
6.5633283
6.4415946
6.450487
6.5064163
6.6965327
6.377723
6.5111203
6.3519697
6.4225082
6.576467
6.2825594
6.297733
6.3101373
6.5793242
6.499274
6.745043
6.6904054
6.634053
6.4189677
6.458214
6.4215846
6.6120653
6.568553
6.66572
6.7888436
6.5683155
6.78586
6.5682287
6.7713113
6.525491
6.4957986
6.542365
6.721495
6.536496
6.442115
6.4953785
6.3910737
6.433344
6.3002687
6.449908
6.4959126
6.497521
6.3859987
6.589118
6.437979
6.597823
6.621151
6.501509
6.578602
6.397675
6.659352
6.5685263
6.660135
6.910804
6.730629
6.698278
6.857383
6.83793
6.7721515
6.7596874
6.808724
6.847124
6.898968
6.681406
6.84336
6.76087
6.9110436
6.753276
6.971908
6.845119
6.79531
6.772989
6.678748
6.6350207
6.883251
6.791635
6.684113
6.590526
6.524497
6.8860908
6.820774
7.0936403
6.896349
6.8152943
6.9233804
6.727472
6.857814
6.7045817
6.791966
6.9012156
6.9024925
6.7611785
6.74439
6.794262
6.722613
6.3911037
6.445096
6.324322
6.554942
6.5760694
6.6203756
6.641865
6.632664
6.5354447
6.394907
6.5227294
6.180581
6.3671193
5.977159
6.0054817
5.85874
5.833593
6.01112
6.125775
6.1112957
5.97353
6.1972923
5.993906
6.067748
5.967189
5.8805933
5.8512363
5.9990005
6.237321
5.918043
6.238118
6.064576
6.0209084
6.0210385
5.967118
5.9851866
6.027171
6.0211377
6.158132
6.0478315
6.3192863
6.011747
6.2561383
6.1149244
6.2206535
6.0870886
6.1927567
6.1532483
5.966857
6.056368
6.246269
6.080387
6.0341573
5.9542274
6.021066
5.88999
5.9353633
6.064693
6.00913
5.930245
5.970761
5.8709855
5.87131
5.989155
5.842903
5.9258738
5.9712834
5.733657
5.8046255
5.7218313
5.751011
5.8360286
5.8849096
5.74933
5.808689
5.9431276
5.625181
5.997202
5.880063
5.733592
5.85364
5.846899
5.9973297
6.095439
5.913985
5.7496257
5.6607094
5.8233843
6.0188437
5.8694677
5.9101834
5.753636
5.953993
5.9828014
6.0754323
5.823822
5.9939
6.000396
6.1254277
5.983993
5.749746
5.801005
6.0069137
5.9925766
5.922237
6.057757
6.032302
6.0872235
6.1168137
6.1600924
5.934754
6.074223
5.7512283
5.878828
5.8856945
6.122775
5.815366
6.1187773
5.808513
6.011932
5.974719
5.8907146
5.882739
6.0051494
5.892481
5.670547
6.1117167
6.1860323
5.9323673
6.0080276
6.1417227
6.1593924
5.9841647
5.899822
5.9654016
5.9870796
5.9709167
5.7648544
5.8361206
5.8584304
5.9617615
5.933883
5.882413
5.9385986
5.83882
6.0728517
5.856656
5.8481607
5.821121
5.670507
5.7206903
5.8468304
5.795439
6.1108103
6.0172114
5.7273235
5.7365336
5.828434
5.6700373
5.9140162
5.7589393
5.78424
5.796288
6.0418653
5.7954497
5.8810043
5.687495
5.9540296
5.7772474
5.6310444
5.5113873
5.75129
5.788406
5.5188556
5.5919886
5.5349746
5.6146727
5.2760468
5.6814485
5.36615
5.4902196
5.44314
5.414091
5.522287
5.2173123
5.7460814
5.2601333
5.4856043
5.5084715
5.4959645
5.3475347
5.633433
5.360668
5.6470447
5.291832
5.6562643
5.4058123
5.44452
5.6060953
5.4033933
5.5742726
5.640633
5.530044
5.491251
5.6367254
5.625831
5.343513
5.683089
5.554492
5.3172364
5.5807343
5.769623
5.483322
5.385667
5.5506973
5.5982895
5.0996857
5.393977
5.4471493
5.548403
5.5222917
5.1564837
5.4328194
5.339471
5.2351246
5.3613696
5.1254597
5.261727
5.4418654
5.3820276
5.1235485
5.5172453
5.2240314
5.334427
5.1959653
5.30845
5.618956
5.5077267
5.45279
5.073866
5.6849566
5.629388
5.4586744
5.366941
5.4621987
5.655043
5.2525716
5.274296
5.617795
5.379141
5.6291366
5.183038
5.059339
5.6389885
5.355996
5.568825
5.313331
5.251842
5.529624
5.6118774
5.342173
5.269103
5.2199306
5.229328
5.2828703
5.4457335
5.2872086
5.1944942
5.097934
5.1228924
5.0817337
5.3111057
5.254512
5.254277
5.4143744
5.3385606
5.2343526
5.4036217
5.247089
5.2155857
5.2890663
5.3494225
5.2622786
5.20683
5.356073
5.271454
5.329584
5.1389894
5.101147
5.1526794
5.310649
5.252786
5.0514345
4.997607
5.2656507
5.2542944
5.3836336
5.152369
5.2818003
